1461826379,s1-eth1,0.00,0.00,0.00,0,0,0.00,0.00,0.00,0,0,0.00,0.00,0,0
1461826379,s1-eth3,0.00,0.00,0.00,0,0,0.00,0.00,0.00,0,0,0.00,0.00,0,0
1461826379,s1-eth2,0.00,0.00,0.00,0,0,0.00,0.00,0.00,0,0,0.00,0.00,0,0
1461826379,s2-eth1,0.00,0.00,0.00,0,0,0.00,0.00,0.00,0,0,0.00,0.00,0,0
1461826379,s2-eth2,0.00,0.00,0.00,0,0,0.00,0.00,0.00,0,0,0.00,0.00,0,0
1461826379,eth0,0.00,0.00,0.00,0,0,0.00,0.00,0.00,0,0,0.00,0.00,0,0
1461826379,eth1,0.00,0.00,0.00,0,0,0.00,0.00,0.00,0,0,0.00,0.00,0,0
1461826379,lo,0.00,0.00,0.00,0,0,0.00,0.00,0.00,0,0,0.00,0.00,0,0
1461826379,s1,0.00,0.00,0.00,0,0,0.00,0.00,0.00,0,0,0.00,0.00,0,0
1461826379,s2,0.00,0.00,0.00,0,0,0.00,0.00,0.00,0,0,0.00,0.00,0,0
1461826379,total,0.00,0.00,0.00,0,0,0.00,0.00,0.00,0,0,0.00,0.00,0,0
1461826380,s1-eth1,1223306.00,27258.00,1250564.00,27258,1223306,413.00,413.00,826.00,413,413,0.00,0.00,0,0
1461826380,s1-eth3,13266.00,624982.00,638248.00,624982,13266,201.00,211.00,412.00,211,201,0.00,0.00,0,0
1461826380,s1-eth2,13992.00,657564.00,671556.00,657564,13992,212.00,222.00,434.00,222,212,0.00,0.00,0,0
1461826380,s2-eth1,624982.00,13266.00,638248.00,13266,624982,211.00,201.00,412.00,201,211,0.00,0.00,0,0
1461826380,s2-eth2,13266.00,624982.00,638248.00,624982,13266,201.00,211.00,412.00,211,201,0.00,0.00,0,0
1461826380,eth0,134.00,66.00,200.00,66,134,1.00,1.00,2.00,1,1,0.00,0.00,0,0
1461826380,eth1,90.00,180.00,270.00,180,90,1.00,2.00,3.00,2,1,0.00,0.00,0,0
1461826380,lo,0.00,0.00,0.00,0,0,0.00,0.00,0.00,0,0,0.00,0.00,0,0
1461826380,s1,0.00,0.00,0.00,0,0,0.00,0.00,0.00,0,0,0.00,0.00,0,0
1461826380,s2,0.00,0.00,0.00,0,0,0.00,0.00,0.00,0,0,0.00,0.00,0,0
1461826380,total,1889036.00,1948298.00,3837334.00,1948298,1889036,1240.00,1261.00,2501.00,1261,1240,0.00,0.00,0,0
1461826381,s1-eth1,1223306.00,27258.00,1250564.00,27258,1223306,413.00,413.00,826.00,413,413,0.00,0.00,0,0
1461826381,s1-eth3,13728.00,645716.00,659444.00,645716,13728,208.00,218.00,426.00,218,208,0.00,0.00,0,0
1461826381,s1-eth2,13530.00,630906.00,644436.00,630906,13530,205.00,213.00,418.00,213,205,0.00,0.00,0,0
1461826381,s2-eth1,645716.00,13728.00,659444.00,13728,645716,218.00,208.00,426.00,208,218,0.00,0.00,0,0
1461826381,s2-eth2,13728.00,645716.00,659444.00,645716,13728,208.00,218.00,426.00,218,208,0.00,0.00,0,0
1461826381,eth0,134.00,66.00,200.00,66,134,1.00,1.00,2.00,1,1,0.00,0.00,0,0
1461826381,eth1,0.00,0.00,0.00,0,0,0.00,0.00,0.00,0,0,0.00,0.00,0,0
1461826381,lo,0.00,0.00,0.00,0,0,0.00,0.00,0.00,0,0,0.00,0.00,0,0
1461826381,s1,0.00,0.00,0.00,0,0,0.00,0.00,0.00,0,0,0.00,0.00,0,0
1461826381,s2,0.00,0.00,0.00,0,0,0.00,0.00,0.00,0,0,0.00,0.00,0,0
1461826381,total,1910142.00,1963390.00,3873532.00,1963390,1910142,1253.00,1271.00,2524.00,1271,1253,0.00,0.00,0,0
1461826382,s1-eth1,1220344.00,27126.00,1247470.00,27126,1220344,412.00,411.00,823.00,411,412,0.00,0.00,0,0
1461826382,s1-eth3,13596.00,633868.00,647464.00,633868,13596,206.00,214.00,420.00,214,206,0.00,0.00,0,0
1461826382,s1-eth2,13596.00,642754.00,656350.00,642754,13596,206.00,217.00,423.00,217,206,0.00,0.00,0,0
1461826382,s2-eth1,633868.00,13596.00,647464.00,13596,633868,214.00,206.00,420.00,206,214,0.00,0.00,0,0
1461826382,s2-eth2,13530.00,633868.00,647398.00,633868,13530,205.00,214.00,419.00,214,205,0.00,0.00,0,0
1461826382,eth0,134.00,66.00,200.00,66,134,1.00,1.00,2.00,1,1,0.00,0.00,0,0
1461826382,eth1,0.00,0.00,0.00,0,0,0.00,0.00,0.00,0,0,0.00,0.00,0,0
1461826382,lo,0.00,0.00,0.00,0,0,0.00,0.00,0.00,0,0,0.00,0.00,0,0
1461826382,s1,0.00,0.00,0.00,0,0,0.00,0.00,0.00,0,0,0.00,0.00,0,0
1461826382,s2,0.00,0.00,0.00,0,0,0.00,0.00,0.00,0,0,0.00,0.00,0,0
1461826382,total,1895068.00,1951278.00,3846346.00,1951278,1895068,1244.00,1263.00,2507.00,1263,1244,0.00,0.00,0,0
1461826383,s1-eth1,1220344.00,27258.00,1247602.00,27258,1220344,412.00,413.00,825.00,413,412,0.00,0.00,0,0
1461826383,s1-eth3,13242.00,622062.00,635304.00,622062,13242,201.00,211.00,412.00,211,201,0.00,0.00,0,0
1461826383,s1-eth2,14034.00,654644.00,668678.00,654644,14034,213.00,222.00,435.00,222,213,0.00,0.00,0,0
1461826383,s2-eth1,622062.00,13242.00,635304.00,13242,622062,211.00,201.00,412.00,201,211,0.00,0.00,0,0
1461826383,s2-eth2,13308.00,622062.00,635370.00,622062,13308,202.00,211.00,413.00,211,202,0.00,0.00,0,0
1461826383,eth0,134.00,66.00,200.00,66,134,1.00,1.00,2.00,1,1,0.00,0.00,0,0
1461826383,eth1,90.00,90.00,180.00,90,90,1.00,1.00,2.00,1,1,0.00,0.00,0,0
1461826383,lo,1184.00,1184.00,2368.00,1184,1184,12.00,12.00,24.00,12,12,0.00,0.00,0,0
1461826383,s1,0.00,0.00,0.00,0,0,0.00,0.00,0.00,0,0,0.00,0.00,0,0
1461826383,s2,0.00,0.00,0.00,0,0,0.00,0.00,0.00,0,0,0.00,0.00,0,0
1461826383,total,1884398.00,1940608.00,3825006.00,1940608,1884398,1253.00,1272.00,2525.00,1272,1253,0.00,0.00,0,0
1461826384,s1-eth1,1223306.00,27192.00,1250498.00,27192,1223306,413.00,412.00,825.00,412,413,0.00,0.00,0,0
1461826384,s1-eth3,13662.00,633868.00,647530.00,633868,13662,207.00,214.00,421.00,214,207,0.00,0.00,0,0
1461826384,s1-eth2,13596.00,639792.00,653388.00,639792,13596,206.00,216.00,422.00,216,206,0.00,0.00,0,0
1461826384,s2-eth1,633868.00,13662.00,647530.00,13662,633868,214.00,207.00,421.00,207,214,0.00,0.00,0,0
1461826384,s2-eth2,13596.00,636830.00,650426.00,636830,13596,206.00,215.00,421.00,215,206,0.00,0.00,0,0
1461826384,eth0,134.00,66.00,200.00,66,134,1.00,1.00,2.00,1,1,0.00,0.00,0,0
1461826384,eth1,150.00,60.00,210.00,60,150,2.00,1.00,3.00,1,2,0.00,0.00,0,0
1461826384,lo,0.00,0.00,0.00,0,0,0.00,0.00,0.00,0,0,0.00,0.00,0,0
1461826384,s1,0.00,0.00,0.00,0,0,0.00,0.00,0.00,0,0,0.00,0.00,0,0
1461826384,s2,0.00,0.00,0.00,0,0,0.00,0.00,0.00,0,0,0.00,0.00,0,0
1461826384,total,1898312.00,1951470.00,3849782.00,1951470,1898312,1249.00,1266.00,2515.00,1266,1249,0.00,0.00,0,0
1461826385,s1-eth1,1220344.00,27258.00,1247602.00,27258,1220344,412.00,413.00,825.00,413,412,0.00,0.00,0,0
1461826385,s1-eth3,13926.00,657564.00,671490.00,657564,13926,211.00,222.00,433.00,222,211,0.00,0.00,0,0
1461826385,s1-eth2,13266.00,622020.00,635286.00,622020,13266,201.00,210.00,411.00,210,201,0.00,0.00,0,0
1461826385,s2-eth1,657564.00,13926.00,671490.00,13926,657564,222.00,211.00,433.00,211,222,0.00,0.00,0,0
1461826385,s2-eth2,13992.00,654602.00,668594.00,654602,13992,212.00,221.00,433.00,221,212,0.00,0.00,0,0
1461826385,eth0,134.00,66.00,200.00,66,134,1.00,1.00,2.00,1,1,0.00,0.00,0,0
1461826385,eth1,90.00,180.00,270.00,180,90,1.00,2.00,3.00,2,1,0.00,0.00,0,0
1461826385,lo,0.00,0.00,0.00,0,0,0.00,0.00,0.00,0,0,0.00,0.00,0,0
1461826385,s1,0.00,0.00,0.00,0,0,0.00,0.00,0.00,0,0,0.00,0.00,0,0
1461826385,s2,0.00,0.00,0.00,0,0,0.00,0.00,0.00,0,0,0.00,0.00,0,0
1461826385,total,1919316.00,1975616.00,3894932.00,1975616,1919316,1260.00,1280.00,2540.00,1280,1260,0.00,0.00,0,0
1461826386,s1-eth1,1220344.00,27126.00,1247470.00,27126,1220344,412.00,411.00,823.00,411,412,0.00,0.00,0,0
1461826386,s1-eth3,12936.00,633868.00,646804.00,633868,12936,196.00,214.00,410.00,214,196,0.00,0.00,0,0
1461826386,s1-eth2,14256.00,696070.00,710326.00,696070,14256,216.00,235.00,451.00,235,216,0.00,0.00,0,0
1461826386,s2-eth1,633868.00,12936.00,646804.00,12936,633868,214.00,196.00,410.00,196,214,0.00,0.00,0,0
1461826386,s2-eth2,12870.00,633868.00,646738.00,633868,12870,195.00,214.00,409.00,214,195,0.00,0.00,0,0
1461826386,eth0,134.00,66.00,200.00,66,134,1.00,1.00,2.00,1,1,0.00,0.00,0,0
1461826386,eth1,0.00,0.00,0.00,0,0,0.00,0.00,0.00,0,0,0.00,0.00,0,0
1461826386,lo,0.00,0.00,0.00,0,0,0.00,0.00,0.00,0,0,0.00,0.00,0,0
1461826386,s1,0.00,0.00,0.00,0,0,0.00,0.00,0.00,0,0,0.00,0.00,0,0
1461826386,s2,0.00,0.00,0.00,0,0,0.00,0.00,0.00,0,0,0.00,0.00,0,0
1461826386,total,1894408.00,2003934.00,3898342.00,2003934,1894408,1234.00,1271.00,2505.00,1271,1234,0.00,0.00,0,0
1461826387,s1-eth1,1223834.00,33226.00,1257060.00,33226,1223834,421.00,421.00,842.00,421,421,0.00,0.00,0,0
1461826387,s1-eth3,16674.00,601690.00,618364.00,601690,16674,215.00,253.00,468.00,253,215,0.00,0.00,0,0
1461826387,s1-eth2,16458.00,597478.00,613936.00,597478,16458,205.00,255.00,460.00,255,205,0.00,0.00,0,0
1461826387,s2-eth1,601690.00,16674.00,618364.00,16674,601690,253.00,215.00,468.00,215,253,0.00,0.00,0,0
1461826387,s2-eth2,16740.00,601690.00,618430.00,601690,16740,216.00,253.00,469.00,253,216,0.00,0.00,0,0
1461826387,eth0,134.00,66.00,200.00,66,134,1.00,1.00,2.00,1,1,0.00,0.00,0,0
1461826387,eth1,0.00,0.00,0.00,0,0,0.00,0.00,0.00,0,0,0.00,0.00,0,0
1461826387,lo,0.00,0.00,0.00,0,0,0.00,0.00,0.00,0,0,0.00,0.00,0,0
1461826387,s1,0.00,0.00,0.00,0,0,0.00,0.00,0.00,0,0,0.00,0.00,0,0
1461826387,s2,0.00,0.00,0.00,0,0,0.00,0.00,0.00,0,0,0.00,0.00,0,0
1461826387,total,1875530.00,1850824.00,3726354.00,1850824,1875530,1311.00,1398.00,2709.00,1398,1311,0.00,0.00,0,0
1461826388,s1-eth1,1226320.00,62416.00,1288736.00,62416,1226320,700.00,696.00,1396.00,696,700,0.00,0.00,0,0
1461826388,s1-eth3,39950.00,698808.00,738758.00,698808,39950,457.00,452.00,909.00,452,457,0.00,0.00,0,0
1461826388,s1-eth2,22466.00,520602.00,543068.00,520602,22466,239.00,253.00,492.00,253,239,0.00,0.00,0,0
1461826388,s2-eth1,698808.00,39950.00,738758.00,39950,698808,452.00,457.00,909.00,457,452,0.00,0.00,0,0
1461826388,s2-eth2,39884.00,698808.00,738692.00,698808,39884,456.00,452.00,908.00,452,456,0.00,0.00,0,0
1461826388,eth0,134.00,66.00,200.00,66,134,1.00,1.00,2.00,1,1,0.00,0.00,0,0
1461826388,eth1,0.00,0.00,0.00,0,0,0.00,0.00,0.00,0,0,0.00,0.00,0,0
1461826388,lo,344.00,344.00,688.00,344,344,6.00,6.00,12.00,6,6,0.00,0.00,0,0
1461826388,s1,0.00,0.00,0.00,0,0,0.00,0.00,0.00,0,0,0.00,0.00,0,0
1461826388,s2,0.00,0.00,0.00,0,0,0.00,0.00,0.00,0,0,0.00,0.00,0,0
1461826388,total,2027906.00,2020994.00,4048900.00,2020994,2027906,2311.00,2317.00,4628.00,2317,2311,0.00,0.00,0,0
1461826389,s1-eth1,1221700.38,30811.19,1252511.50,30842,1222922,472.53,464.54,937.06,465,473,0.00,0.00,0,0
1461826389,s1-eth3,15098.90,540453.56,555552.44,540994,15114,228.77,188.81,417.58,189,229,0.00,0.00,0,0
1461826389,s1-eth2,15806.19,704251.75,720057.94,704956,15822,236.76,237.76,474.53,238,237,0.00,0.00,0,0
1461826389,s2-eth1,540453.56,15098.90,555552.44,15114,540994,188.81,228.77,417.58,229,189,0.00,0.00,0,0
1461826389,s2-eth2,15164.84,543412.62,558577.44,543956,15180,229.77,189.81,419.58,190,230,0.00,0.00,0,0
1461826389,eth0,133.87,65.93,199.80,66,134,1.00,1.00,2.00,1,1,0.00,0.00,0,0
1461826389,eth1,0.00,0.00,0.00,0,0,0.00,0.00,0.00,0,0,0.00,0.00,0,0
1461826389,lo,0.00,0.00,0.00,0,0,0.00,0.00,0.00,0,0,0.00,0.00,0,0
1461826389,s1,0.00,0.00,0.00,0,0,0.00,0.00,0.00,0,0,0.00,0.00,0,0
1461826389,s2,0.00,0.00,0.00,0,0,0.00,0.00,0.00,0,0,0.00,0.00,0,0
1461826389,total,1808357.75,1834094.00,3642451.75,1835928,1810166,1357.64,1310.69,2668.33,1312,1359,0.00,0.00,0,0
1461826390,s1-eth1,1220344.00,27192.00,1247536.00,27192,1220344,412.00,412.00,824.00,412,412,0.00,0.00,0,0
1461826390,s1-eth3,10692.00,488730.00,499422.00,488730,10692,162.00,165.00,327.00,165,162,0.00,0.00,0,0
1461826390,s1-eth2,16500.00,755310.00,771810.00,755310,16500,250.00,255.00,505.00,255,250,0.00,0.00,0,0
1461826390,s2-eth1,488730.00,10692.00,499422.00,10692,488730,165.00,162.00,327.00,162,165,0.00,0.00,0,0
1461826390,s2-eth2,10692.00,488730.00,499422.00,488730,10692,162.00,165.00,327.00,165,162,0.00,0.00,0,0
1461826390,eth0,134.00,66.00,200.00,66,134,1.00,1.00,2.00,1,1,0.00,0.00,0,0
1461826390,eth1,0.00,0.00,0.00,0,0,0.00,0.00,0.00,0,0,0.00,0.00,0,0
1461826390,lo,0.00,0.00,0.00,0,0,0.00,0.00,0.00,0,0,0.00,0.00,0,0
1461826390,s1,0.00,0.00,0.00,0,0,0.00,0.00,0.00,0,0,0.00,0.00,0,0
1461826390,s2,0.00,0.00,0.00,0,0,0.00,0.00,0.00,0,0,0.00,0.00,0,0
1461826390,total,1747092.00,1770720.00,3517812.00,1770720,1747092,1152.00,1160.00,2312.00,1160,1152,0.00,0.00,0,0
1461826391,s1-eth1,1220344.00,27258.00,1247602.00,27258,1220344,412.00,413.00,825.00,413,412,0.00,0.00,0,0
1461826391,s1-eth3,11220.00,509464.00,520684.00,509464,11220,170.00,172.00,342.00,172,170,0.00,0.00,0,0
1461826391,s1-eth2,15972.00,722728.00,738700.00,722728,15972,242.00,244.00,486.00,244,242,0.00,0.00,0,0
1461826391,s2-eth1,509464.00,11220.00,520684.00,11220,509464,172.00,170.00,342.00,170,172,0.00,0.00,0,0
1461826391,s2-eth2,11220.00,506502.00,517722.00,506502,11220,170.00,171.00,341.00,171,170,0.00,0.00,0,0
1461826391,eth0,134.00,66.00,200.00,66,134,1.00,1.00,2.00,1,1,0.00,0.00,0,0
1461826391,eth1,0.00,0.00,0.00,0,0,0.00,0.00,0.00,0,0,0.00,0.00,0,0
1461826391,lo,0.00,0.00,0.00,0,0,0.00,0.00,0.00,0,0,0.00,0.00,0,0
1461826391,s1,0.00,0.00,0.00,0,0,0.00,0.00,0.00,0,0,0.00,0.00,0,0
1461826391,s2,0.00,0.00,0.00,0,0,0.00,0.00,0.00,0,0,0.00,0.00,0,0
1461826391,total,1768354.00,1777238.00,3545592.00,1777238,1768354,1167.00,1171.00,2338.00,1171,1167,0.00,0.00,0,0
1461826392,s1-eth1,1220344.00,27126.00,1247470.00,27126,1220344,412.00,411.00,823.00,411,412,0.00,0.00,0,0
1461826392,s1-eth3,11550.00,512426.00,523976.00,512426,11550,175.00,173.00,348.00,173,175,0.00,0.00,0,0
1461826392,s1-eth2,15642.00,701994.00,717636.00,701994,15642,237.00,237.00,474.00,237,237,0.00,0.00,0,0
1461826392,s2-eth1,512426.00,11550.00,523976.00,11550,512426,173.00,175.00,348.00,175,173,0.00,0.00,0,0
1461826392,s2-eth2,11484.00,515388.00,526872.00,515388,11484,174.00,174.00,348.00,174,174,0.00,0.00,0,0
1461826392,eth0,134.00,66.00,200.00,66,134,1.00,1.00,2.00,1,1,0.00,0.00,0,0
1461826392,eth1,0.00,0.00,0.00,0,0,0.00,0.00,0.00,0,0,0.00,0.00,0,0
1461826392,lo,0.00,0.00,0.00,0,0,0.00,0.00,0.00,0,0,0.00,0.00,0,0
1461826392,s1,0.00,0.00,0.00,0,0,0.00,0.00,0.00,0,0,0.00,0.00,0,0
1461826392,s2,0.00,0.00,0.00,0,0,0.00,0.00,0.00,0,0,0.00,0.00,0,0
1461826392,total,1771580.00,1768550.00,3540130.00,1768550,1771580,1172.00,1171.00,2343.00,1171,1172,0.00,0.00,0,0
1461826393,s1-eth1,1223306.00,27258.00,1250564.00,27258,1223306,413.00,413.00,826.00,413,413,0.00,0.00,0,0
1461826393,s1-eth3,11022.00,497616.00,508638.00,497616,11022,167.00,168.00,335.00,168,167,0.00,0.00,0,0
1461826393,s1-eth2,16236.00,728652.00,744888.00,728652,16236,246.00,246.00,492.00,246,246,0.00,0.00,0,0
1461826393,s2-eth1,497616.00,11022.00,508638.00,11022,497616,168.00,167.00,335.00,167,168,0.00,0.00,0,0
1461826393,s2-eth2,11022.00,494654.00,505676.00,494654,11022,167.00,167.00,334.00,167,167,0.00,0.00,0,0
1461826393,eth0,134.00,66.00,200.00,66,134,1.00,1.00,2.00,1,1,0.00,0.00,0,0
1461826393,eth1,0.00,0.00,0.00,0,0,0.00,0.00,0.00,0,0,0.00,0.00,0,0
1461826393,lo,344.00,344.00,688.00,344,344,6.00,6.00,12.00,6,6,0.00,0.00,0,0
1461826393,s1,0.00,0.00,0.00,0,0,0.00,0.00,0.00,0,0,0.00,0.00,0,0
1461826393,s2,0.00,0.00,0.00,0,0,0.00,0.00,0.00,0,0,0.00,0.00,0,0
1461826393,total,1759680.00,1759612.00,3519292.00,1759612,1759680,1168.00,1168.00,2336.00,1168,1168,0.00,0.00,0,0
1461826394,s1-eth1,1223306.00,27258.00,1250564.00,27258,1223306,413.00,413.00,826.00,413,413,0.00,0.00,0,0
1461826394,s1-eth3,11814.00,536122.00,547936.00,536122,11814,179.00,181.00,360.00,181,179,0.00,0.00,0,0
1461826394,s1-eth2,15444.00,696070.00,711514.00,696070,15444,234.00,235.00,469.00,235,234,0.00,0.00,0,0
1461826394,s2-eth1,536122.00,11814.00,547936.00,11814,536122,181.00,179.00,360.00,179,181,0.00,0.00,0,0
1461826394,s2-eth2,11880.00,539084.00,550964.00,539084,11880,180.00,182.00,362.00,182,180,0.00,0.00,0,0
1461826394,eth0,134.00,66.00,200.00,66,134,1.00,1.00,2.00,1,1,0.00,0.00,0,0
1461826394,eth1,0.00,0.00,0.00,0,0,0.00,0.00,0.00,0,0,0.00,0.00,0,0
1461826394,lo,0.00,0.00,0.00,0,0,0.00,0.00,0.00,0,0,0.00,0.00,0,0
1461826394,s1,0.00,0.00,0.00,0,0,0.00,0.00,0.00,0,0,0.00,0.00,0,0
1461826394,s2,0.00,0.00,0.00,0,0,0.00,0.00,0.00,0,0,0.00,0.00,0,0
1461826394,total,1798700.00,1810414.00,3609114.00,1810414,1798700,1188.00,1191.00,2379.00,1191,1188,0.00,0.00,0,0
1461826395,s1-eth1,1220344.00,27258.00,1247602.00,27258,1220344,412.00,413.00,825.00,413,412,0.00,0.00,0,0
1461826395,s1-eth3,11022.00,512426.00,523448.00,512426,11022,167.00,173.00,340.00,173,167,0.00,0.00,0,0
1461826395,s1-eth2,16170.00,737538.00,753708.00,737538,16170,245.00,249.00,494.00,249,245,0.00,0.00,0,0
1461826395,s2-eth1,512426.00,11022.00,523448.00,11022,512426,173.00,167.00,340.00,167,173,0.00,0.00,0,0
1461826395,s2-eth2,11022.00,509464.00,520486.00,509464,11022,167.00,172.00,339.00,172,167,0.00,0.00,0,0
1461826395,eth0,134.00,66.00,200.00,66,134,1.00,1.00,2.00,1,1,0.00,0.00,0,0
1461826395,eth1,0.00,0.00,0.00,0,0,0.00,0.00,0.00,0,0,0.00,0.00,0,0
1461826395,lo,0.00,0.00,0.00,0,0,0.00,0.00,0.00,0,0,0.00,0.00,0,0
1461826395,s1,0.00,0.00,0.00,0,0,0.00,0.00,0.00,0,0,0.00,0.00,0,0
1461826395,s2,0.00,0.00,0.00,0,0,0.00,0.00,0.00,0,0,0.00,0.00,0,0
1461826395,total,1771118.00,1797774.00,3568892.00,1797774,1771118,1165.00,1175.00,2340.00,1175,1165,0.00,0.00,0,0
1461826396,s1-eth1,1223306.00,27258.00,1250564.00,27258,1223306,413.00,413.00,826.00,413,413,0.00,0.00,0,0
1461826396,s1-eth3,11748.00,547970.00,559718.00,547970,11748,178.00,185.00,363.00,185,178,0.00,0.00,0,0
1461826396,s1-eth2,15510.00,713842.00,729352.00,713842,15510,235.00,241.00,476.00,241,235,0.00,0.00,0,0
1461826396,s2-eth1,547970.00,11748.00,559718.00,11748,547970,185.00,178.00,363.00,178,185,0.00,0.00,0,0
1461826396,s2-eth2,11748.00,547970.00,559718.00,547970,11748,178.00,185.00,363.00,185,178,0.00,0.00,0,0
1461826396,eth0,134.00,66.00,200.00,66,134,1.00,1.00,2.00,1,1,0.00,0.00,0,0
1461826396,eth1,0.00,0.00,0.00,0,0,0.00,0.00,0.00,0,0,0.00,0.00,0,0
1461826396,lo,0.00,0.00,0.00,0,0,0.00,0.00,0.00,0,0,0.00,0.00,0,0
1461826396,s1,0.00,0.00,0.00,0,0,0.00,0.00,0.00,0,0,0.00,0.00,0,0
1461826396,s2,0.00,0.00,0.00,0,0,0.00,0.00,0.00,0,0,0.00,0.00,0,0
1461826396,total,1810416.00,1848854.00,3659270.00,1848854,1810416,1190.00,1203.00,2393.00,1203,1190,0.00,0.00,0,0
1461826397,s1-eth1,1208496.00,26928.00,1235424.00,26928,1208496,408.00,408.00,816.00,408,408,0.00,0.00,0,0
1461826397,s1-eth3,12408.00,595362.00,607770.00,595362,12408,188.00,201.00,389.00,201,188,0.00,0.00,0,0
1461826397,s1-eth2,14520.00,681260.00,695780.00,681260,14520,220.00,230.00,450.00,230,220,0.00,0.00,0,0
1461826397,s2-eth1,595362.00,12408.00,607770.00,12408,595362,201.00,188.00,389.00,188,201,0.00,0.00,0,0
1461826397,s2-eth2,12408.00,595362.00,607770.00,595362,12408,188.00,201.00,389.00,201,188,0.00,0.00,0,0
1461826397,eth0,134.00,66.00,200.00,66,134,1.00,1.00,2.00,1,1,0.00,0.00,0,0
1461826397,eth1,0.00,0.00,0.00,0,0,0.00,0.00,0.00,0,0,0.00,0.00,0,0
1461826397,lo,0.00,0.00,0.00,0,0,0.00,0.00,0.00,0,0,0.00,0.00,0,0
1461826397,s1,0.00,0.00,0.00,0,0,0.00,0.00,0.00,0,0,0.00,0.00,0,0
1461826397,s2,0.00,0.00,0.00,0,0,0.00,0.00,0.00,0,0,0.00,0.00,0,0
1461826397,total,1843328.00,1911386.00,3754714.00,1911386,1843328,1206.00,1229.00,2435.00,1229,1206,0.00,0.00,0,0
1461826398,s1-eth1,1211458.00,26994.00,1238452.00,26994,1211458,409.00,409.00,818.00,409,409,0.00,0.00,0,0
1461826398,s1-eth3,12012.00,589438.00,601450.00,589438,12012,182.00,199.00,381.00,199,182,0.00,0.00,0,0
1461826398,s1-eth2,14982.00,719766.00,734748.00,719766,14982,227.00,243.00,470.00,243,227,0.00,0.00,0,0
1461826398,s2-eth1,589438.00,12012.00,601450.00,12012,589438,199.00,182.00,381.00,182,199,0.00,0.00,0,0
1461826398,s2-eth2,12012.00,589438.00,601450.00,589438,12012,182.00,199.00,381.00,199,182,0.00,0.00,0,0
1461826398,eth0,134.00,66.00,200.00,66,134,1.00,1.00,2.00,1,1,0.00,0.00,0,0
1461826398,eth1,0.00,0.00,0.00,0,0,0.00,0.00,0.00,0,0,0.00,0.00,0,0
1461826398,lo,344.00,344.00,688.00,344,344,6.00,6.00,12.00,6,6,0.00,0.00,0,0
1461826398,s1,0.00,0.00,0.00,0,0,0.00,0.00,0.00,0,0,0.00,0.00,0,0
1461826398,s2,0.00,0.00,0.00,0,0,0.00,0.00,0.00,0,0,0.00,0.00,0,0
1461826398,total,1840380.00,1938058.00,3778438.00,1938058,1840380,1206.00,1239.00,2445.00,1239,1206,0.00,0.00,0,0
1461826399,s1-eth1,1223306.00,29744.00,1253050.00,29744,1223306,413.00,412.00,825.00,412,413,0.00,0.00,0,0
1461826399,s1-eth3,13656.00,633278.00,646934.00,633278,13656,202.00,227.00,429.00,227,202,0.00,0.00,0,0
1461826399,s1-eth2,16154.00,606232.00,622386.00,606232,16154,211.00,256.00,467.00,256,211,0.00,0.00,0,0
1461826399,s2-eth1,633278.00,13656.00,646934.00,13656,633278,227.00,202.00,429.00,202,227,0.00,0.00,0,0
1461826399,s2-eth2,13578.00,636306.00,649884.00,636306,13578,201.00,229.00,430.00,229,201,0.00,0.00,0,0
1461826399,eth0,134.00,66.00,200.00,66,134,1.00,1.00,2.00,1,1,0.00,0.00,0,0
1461826399,eth1,0.00,0.00,0.00,0,0,0.00,0.00,0.00,0,0,0.00,0.00,0,0
1461826399,lo,0.00,0.00,0.00,0,0,0.00,0.00,0.00,0,0,0.00,0.00,0,0
1461826399,s1,0.00,0.00,0.00,0,0,0.00,0.00,0.00,0,0,0.00,0.00,0,0
1461826399,s2,0.00,0.00,0.00,0,0,0.00,0.00,0.00,0,0,0.00,0.00,0,0
1461826399,total,1900106.00,1919282.00,3819388.00,1919282,1900106,1255.00,1327.00,2582.00,1327,1255,0.00,0.00,0,0
1461826400,s1-eth1,1231052.00,61652.00,1292704.00,61652,1231052,662.00,662.00,1324.00,662,662,0.00,0.00,0,0
1461826400,s1-eth3,32418.00,697550.00,729968.00,697550,32418,351.00,411.00,762.00,411,351,0.00,0.00,0,0
1461826400,s1-eth2,29234.00,753374.00,782608.00,753374,29234,311.00,467.00,778.00,467,311,0.00,0.00,0,0
1461826400,s2-eth1,697550.00,32418.00,729968.00,32418,697550,411.00,351.00,762.00,351,411,0.00,0.00,0,0
1461826400,s2-eth2,32308.00,696036.00,728344.00,696036,32308,350.00,410.00,760.00,410,350,0.00,0.00,0,0
1461826400,eth0,134.00,66.00,200.00,66,134,1.00,1.00,2.00,1,1,0.00,0.00,0,0
1461826400,eth1,0.00,0.00,0.00,0,0,0.00,0.00,0.00,0,0,0.00,0.00,0,0
1461826400,lo,0.00,0.00,0.00,0,0,0.00,0.00,0.00,0,0,0.00,0.00,0,0
1461826400,s1,0.00,0.00,0.00,0,0,0.00,0.00,0.00,0,0,0.00,0.00,0,0
1461826400,s2,0.00,0.00,0.00,0,0,0.00,0.00,0.00,0,0,0.00,0.00,0,0
1461826400,total,2022696.00,2241096.00,4263792.00,2241096,2022696,2086.00,2302.00,4388.00,2302,2086,0.00,0.00,0,0
1461826401,s1-eth1,1231006.00,72458.00,1303464.00,72458,1231006,771.00,771.00,1542.00,771,771,0.00,0.00,0,0
1461826401,s1-eth3,31678.00,618368.00,650046.00,618368,31678,337.00,396.00,733.00,396,337,0.00,0.00,0,0
1461826401,s1-eth2,40686.00,708878.00,749564.00,708878,40686,433.00,451.00,884.00,451,433,0.00,0.00,0,0
1461826401,s2-eth1,618368.00,31678.00,650046.00,31678,618368,396.00,337.00,733.00,337,396,0.00,0.00,0,0
1461826401,s2-eth2,31866.00,618368.00,650234.00,618368,31866,339.00,396.00,735.00,396,339,0.00,0.00,0,0
1461826401,eth0,134.00,66.00,200.00,66,134,1.00,1.00,2.00,1,1,0.00,0.00,0,0
1461826401,eth1,0.00,0.00,0.00,0,0,0.00,0.00,0.00,0,0,0.00,0.00,0,0
1461826401,lo,0.00,0.00,0.00,0,0,0.00,0.00,0.00,0,0,0.00,0.00,0,0
1461826401,s1,0.00,0.00,0.00,0,0,0.00,0.00,0.00,0,0,0.00,0.00,0,0
1461826401,s2,0.00,0.00,0.00,0,0,0.00,0.00,0.00,0,0,0.00,0.00,0,0
1461826401,total,1953738.00,2049816.00,4003554.00,2049816,1953738,2277.00,2352.00,4629.00,2352,2277,0.00,0.00,0,0
1461826402,s1-eth1,1232972.00,42380.00,1275352.00,42380,1232972,626.00,550.00,1176.00,550,626,0.00,0.00,0,0
1461826402,s1-eth3,23986.00,612466.00,636452.00,612466,23986,303.00,285.00,588.00,285,303,0.00,0.00,0,0
1461826402,s1-eth2,18488.00,578956.00,597444.00,578956,18488,248.00,238.00,486.00,238,248,0.00,0.00,0,0
1461826402,s2-eth1,612466.00,23986.00,636452.00,23986,612466,285.00,303.00,588.00,303,285,0.00,0.00,0,0
1461826402,s2-eth2,23986.00,610952.00,634938.00,610952,23986,303.00,284.00,587.00,284,303,0.00,0.00,0,0
1461826402,eth0,134.00,66.00,200.00,66,134,1.00,1.00,2.00,1,1,0.00,0.00,0,0
1461826402,eth1,0.00,0.00,0.00,0,0,0.00,0.00,0.00,0,0,0.00,0.00,0,0
1461826402,lo,1672.00,1672.00,3344.00,1672,1672,16.00,16.00,32.00,16,16,0.00,0.00,0,0
1461826402,s1,0.00,0.00,0.00,0,0,0.00,0.00,0.00,0,0,0.00,0.00,0,0
1461826402,s2,0.00,0.00,0.00,0,0,0.00,0.00,0.00,0,0,0.00,0.00,0,0
1461826402,total,1913704.00,1870478.00,3784182.00,1870478,1913704,1782.00,1677.00,3459.00,1677,1782,0.00,0.00,0,0
1461826403,s1-eth1,1220344.00,27192.00,1247536.00,27192,1220344,412.00,412.00,824.00,412,412,0.00,0.00,0,0
1461826403,s1-eth3,13728.00,624982.00,638710.00,624982,13728,208.00,211.00,419.00,211,208,0.00,0.00,0,0
1461826403,s1-eth2,13464.00,616096.00,629560.00,616096,13464,204.00,208.00,412.00,208,204,0.00,0.00,0,0
1461826403,s2-eth1,624982.00,13728.00,638710.00,13728,624982,211.00,208.00,419.00,208,211,0.00,0.00,0,0
1461826403,s2-eth2,13728.00,627944.00,641672.00,627944,13728,208.00,212.00,420.00,212,208,0.00,0.00,0,0
1461826403,eth0,134.00,385.00,519.00,385,134,1.00,2.00,3.00,2,1,0.00,0.00,0,0
1461826403,eth1,0.00,0.00,0.00,0,0,0.00,0.00,0.00,0,0,0.00,0.00,0,0
1461826403,lo,0.00,0.00,0.00,0,0,0.00,0.00,0.00,0,0,0.00,0.00,0,0
1461826403,s1,0.00,0.00,0.00,0,0,0.00,0.00,0.00,0,0,0.00,0.00,0,0
1461826403,s2,0.00,0.00,0.00,0,0,0.00,0.00,0.00,0,0,0.00,0.00,0,0
1461826403,total,1886380.00,1910327.00,3796707.00,1910327,1886380,1244.00,1253.00,2497.00,1253,1244,0.00,0.00,0,0
1461826404,s1-eth1,1220344.00,27192.00,1247536.00,27192,1220344,412.00,412.00,824.00,412,412,0.00,0.00,0,0
1461826404,s1-eth3,12936.00,586476.00,599412.00,586476,12936,196.00,198.00,394.00,198,196,0.00,0.00,0,0
1461826404,s1-eth2,14256.00,642754.00,657010.00,642754,14256,216.00,217.00,433.00,217,216,0.00,0.00,0,0
1461826404,s2-eth1,586476.00,12936.00,599412.00,12936,586476,198.00,196.00,394.00,196,198,0.00,0.00,0,0
1461826404,s2-eth2,12936.00,583514.00,596450.00,583514,12936,196.00,197.00,393.00,197,196,0.00,0.00,0,0
1461826404,eth0,134.00,66.00,200.00,66,134,1.00,1.00,2.00,1,1,0.00,0.00,0,0
1461826404,eth1,0.00,0.00,0.00,0,0,0.00,0.00,0.00,0,0,0.00,0.00,0,0
1461826404,lo,0.00,0.00,0.00,0,0,0.00,0.00,0.00,0,0,0.00,0.00,0,0
1461826404,s1,0.00,0.00,0.00,0,0,0.00,0.00,0.00,0,0,0.00,0.00,0,0
1461826404,s2,0.00,0.00,0.00,0,0,0.00,0.00,0.00,0,0,0.00,0.00,0,0
1461826404,total,1847082.00,1852938.00,3700020.00,1852938,1847082,1219.00,1221.00,2440.00,1221,1219,0.00,0.00,0,0
1461826405,s1-eth1,1223306.00,27258.00,1250564.00,27258,1223306,413.00,413.00,826.00,413,413,0.00,0.00,0,0
1461826405,s1-eth3,13728.00,616096.00,629824.00,616096,13728,208.00,208.00,416.00,208,208,0.00,0.00,0,0
1461826405,s1-eth2,13530.00,607210.00,620740.00,607210,13530,205.00,205.00,410.00,205,205,0.00,0.00,0,0
1461826405,s2-eth1,616096.00,13728.00,629824.00,13728,616096,208.00,208.00,416.00,208,208,0.00,0.00,0,0
1461826405,s2-eth2,13728.00,616096.00,629824.00,616096,13728,208.00,208.00,416.00,208,208,0.00,0.00,0,0
1461826405,eth0,134.00,66.00,200.00,66,134,1.00,1.00,2.00,1,1,0.00,0.00,0,0
1461826405,eth1,0.00,0.00,0.00,0,0,0.00,0.00,0.00,0,0,0.00,0.00,0,0
1461826405,lo,0.00,0.00,0.00,0,0,0.00,0.00,0.00,0,0,0.00,0.00,0,0
1461826405,s1,0.00,0.00,0.00,0,0,0.00,0.00,0.00,0,0,0.00,0.00,0,0
1461826405,s2,0.00,0.00,0.00,0,0,0.00,0.00,0.00,0,0,0.00,0.00,0,0
1461826405,total,1878643.38,1878575.50,3757219.00,1880454,1880522,1241.76,1241.76,2483.52,1243,1243,0.00,0.00,0,0
1461826406,s1-eth1,1223306.00,27324.00,1250630.00,27324,1223306,413.00,414.00,827.00,414,413,0.00,0.00,0,0
1461826406,s1-eth3,13068.00,586476.00,599544.00,586476,13068,198.00,198.00,396.00,198,198,0.00,0.00,0,0
1461826406,s1-eth2,14190.00,639792.00,653982.00,639792,14190,215.00,216.00,431.00,216,215,0.00,0.00,0,0
1461826406,s2-eth1,586476.00,13068.00,599544.00,13068,586476,198.00,198.00,396.00,198,198,0.00,0.00,0,0
1461826406,s2-eth2,13068.00,586476.00,599544.00,586476,13068,198.00,198.00,396.00,198,198,0.00,0.00,0,0
1461826406,eth0,134.00,66.00,200.00,66,134,1.00,1.00,2.00,1,1,0.00,0.00,0,0
1461826406,eth1,0.00,0.00,0.00,0,0,0.00,0.00,0.00,0,0,0.00,0.00,0,0
1461826406,lo,0.00,0.00,0.00,0,0,0.00,0.00,0.00,0,0,0.00,0.00,0,0
1461826406,s1,0.00,0.00,0.00,0,0,0.00,0.00,0.00,0,0,0.00,0.00,0,0
1461826406,s2,0.00,0.00,0.00,0,0,0.00,0.00,0.00,0,0,0.00,0.00,0,0
1461826406,total,1850242.00,1853202.00,3703444.00,1853202,1850242,1223.00,1225.00,2448.00,1225,1223,0.00,0.00,0,0
1461826407,s1-eth1,1217382.00,27126.00,1244508.00,27126,1217382,411.00,411.00,822.00,411,411,0.00,0.00,0,0
1461826407,s1-eth3,13200.00,595362.00,608562.00,595362,13200,200.00,201.00,401.00,201,200,0.00,0.00,0,0
1461826407,s1-eth2,13926.00,630906.00,644832.00,630906,13926,211.00,213.00,424.00,213,211,0.00,0.00,0,0
1461826407,s2-eth1,595362.00,13200.00,608562.00,13200,595362,201.00,200.00,401.00,200,201,0.00,0.00,0,0
1461826407,s2-eth2,13200.00,595362.00,608562.00,595362,13200,200.00,201.00,401.00,201,200,0.00,0.00,0,0
1461826407,eth0,134.00,66.00,200.00,66,134,1.00,1.00,2.00,1,1,0.00,0.00,0,0
1461826407,eth1,0.00,0.00,0.00,0,0,0.00,0.00,0.00,0,0,0.00,0.00,0,0
1461826407,lo,344.00,344.00,688.00,344,344,6.00,6.00,12.00,6,6,0.00,0.00,0,0
1461826407,s1,0.00,0.00,0.00,0,0,0.00,0.00,0.00,0,0,0.00,0.00,0,0
1461826407,s2,0.00,0.00,0.00,0,0,0.00,0.00,0.00,0,0,0.00,0.00,0,0
1461826407,total,1853548.00,1862366.00,3715914.00,1862366,1853548,1230.00,1233.00,2463.00,1233,1230,0.00,0.00,0,0
1461826408,s1-eth1,1208496.00,26928.00,1235424.00,26928,1208496,408.00,408.00,816.00,408,408,0.00,0.00,0,0
1461826408,s1-eth3,13332.00,610172.00,623504.00,610172,13332,202.00,206.00,408.00,206,202,0.00,0.00,0,0
1461826408,s1-eth2,13596.00,619058.00,632654.00,619058,13596,206.00,209.00,415.00,209,206,0.00,0.00,0,0
1461826408,s2-eth1,610172.00,13332.00,623504.00,13332,610172,206.00