1461826484,s3,0.00,0.00,0.00,0,0,0.00,0.00,0.00,0,0,0.00,0.00,0,0
1461826484,s1-eth1,0.00,0.00,0.00,0,0,0.00,0.00,0.00,0,0,0.00,0.00,0,0
1461826484,s1-eth3,0.00,0.00,0.00,0,0,0.00,0.00,0.00,0,0,0.00,0.00,0,0
1461826484,s1-eth2,0.00,0.00,0.00,0,0,0.00,0.00,0.00,0,0,0.00,0.00,0,0
1461826484,s4,0.00,0.00,0.00,0,0,0.00,0.00,0.00,0,0,0.00,0.00,0,0
1461826484,s2-eth1,0.00,0.00,0.00,0,0,0.00,0.00,0.00,0,0,0.00,0.00,0,0
1461826484,s2-eth3,0.00,0.00,0.00,0,0,0.00,0.00,0.00,0,0,0.00,0.00,0,0
1461826484,s2-eth2,0.00,0.00,0.00,0,0,0.00,0.00,0.00,0,0,0.00,0.00,0,0
1461826484,s5,0.00,0.00,0.00,0,0,0.00,0.00,0.00,0,0,0.00,0.00,0,0
1461826484,s3-eth1,0.00,0.00,0.00,0,0,0.00,0.00,0.00,0,0,0.00,0.00,0,0
1461826484,s3-eth3,0.00,0.00,0.00,0,0,0.00,0.00,0.00,0,0,0.00,0.00,0,0
1461826484,s3-eth2,0.00,0.00,0.00,0,0,0.00,0.00,0.00,0,0,0.00,0.00,0,0
1461826484,eth0,0.00,0.00,0.00,0,0,0.00,0.00,0.00,0,0,0.00,0.00,0,0
1461826484,eth1,0.00,0.00,0.00,0,0,0.00,0.00,0.00,0,0,0.00,0.00,0,0
1461826484,lo,0.00,0.00,0.00,0,0,0.00,0.00,0.00,0,0,0.00,0.00,0,0
1461826484,s1,0.00,0.00,0.00,0,0,0.00,0.00,0.00,0,0,0.00,0.00,0,0
1461826484,s4-eth1,0.00,0.00,0.00,0,0,0.00,0.00,0.00,0,0,0.00,0.00,0,0
1461826484,s4-eth3,0.00,0.00,0.00,0,0,0.00,0.00,0.00,0,0,0.00,0.00,0,0
1461826484,s4-eth2,0.00,0.00,0.00,0,0,0.00,0.00,0.00,0,0,0.00,0.00,0,0
1461826484,s2,0.00,0.00,0.00,0,0,0.00,0.00,0.00,0,0,0.00,0.00,0,0
1461826484,s5-eth1,0.00,0.00,0.00,0,0,0.00,0.00,0.00,0,0,0.00,0.00,0,0
1461826484,s5-eth2,0.00,0.00,0.00,0,0,0.00,0.00,0.00,0,0,0.00,0.00,0,0
1461826484,total,0.00,0.00,0.00,0,0,0.00,0.00,0.00,0,0,0.00,0.00,0,0
1461826485,s3,0.00,0.00,0.00,0,0,0.00,0.00,0.00,0,0,0.00,0.00,0,0
1461826485,s1-eth1,1223306.00,27258.00,1250564.00,27258,1223306,413.00,413.00,826.00,413,413,0.00,0.00,0,0
1461826485,s1-eth3,21186.00,1001156.00,1022342.00,1001156,21186,321.00,338.00,659.00,338,321,0.00,0.00,0,0
1461826485,s1-eth2,6072.00,287314.00,293386.00,287314,6072,92.00,97.00,189.00,97,92,0.00,0.00,0,0
1461826485,s4,0.00,0.00,0.00,0,0,0.00,0.00,0.00,0,0,0.00,0.00,0,0
1461826485,s2-eth1,1001156.00,21186.00,1022342.00,21186,1001156,338.00,321.00,659.00,321,338,0.00,0.00,0,0
1461826485,s2-eth3,15246.00,728652.00,743898.00,728652,15246,231.00,246.00,477.00,246,231,0.00,0.00,0,0
1461826485,s2-eth2,5874.00,275466.00,281340.00,275466,5874,89.00,93.00,182.00,93,89,0.00,0.00,0,0
1461826485,s5,0.00,0.00,0.00,0,0,0.00,0.00,0.00,0,0,0.00,0.00,0,0
1461826485,s3-eth1,728652.00,15246.00,743898.00,15246,728652,246.00,231.00,477.00,231,246,0.00,0.00,0,0
1461826485,s3-eth3,9504.00,450224.00,459728.00,450224,9504,144.00,152.00,296.00,152,144,0.00,0.00,0,0
1461826485,s3-eth2,5808.00,272504.00,278312.00,272504,5808,88.00,92.00,180.00,92,88,0.00,0.00,0,0
1461826485,eth0,134.00,66.00,200.00,66,134,1.00,1.00,2.00,1,1,0.00,0.00,0,0
1461826485,eth1,0.00,0.00,0.00,0,0,0.00,0.00,0.00,0,0,0.00,0.00,0,0
1461826485,lo,0.00,0.00,0.00,0,0,0.00,0.00,0.00,0,0,0.00,0.00,0,0
1461826485,s1,0.00,0.00,0.00,0,0,0.00,0.00,0.00,0,0,0.00,0.00,0,0
1461826485,s4-eth1,450224.00,9504.00,459728.00,9504,450224,152.00,144.00,296.00,144,152,0.00,0.00,0,0
1461826485,s4-eth3,4752.00,228074.00,232826.00,228074,4752,72.00,77.00,149.00,77,72,0.00,0.00,0,0
1461826485,s4-eth2,4752.00,222150.00,226902.00,222150,4752,72.00,75.00,147.00,75,72,0.00,0.00,0,0
1461826485,s2,0.00,0.00,0.00,0,0,0.00,0.00,0.00,0,0,0.00,0.00,0,0
1461826485,s5-eth1,228074.00,4752.00,232826.00,4752,228074,77.00,72.00,149.00,72,77,0.00,0.00,0,0
1461826485,s5-eth2,4752.00,225112.00,229864.00,225112,4752,72.00,76.00,148.00,76,72,0.00,0.00,0,0
1461826485,total,3709492.00,3768664.00,7478156.00,3768664,3709492,2408.00,2428.00,4836.00,2428,2408,0.00,0.00,0,0
1461826486,s3,0.00,0.00,0.00,0,0,0.00,0.00,0.00,0,0,0.00,0.00,0,0
1461826486,s1-eth1,1219124.88,27230.77,1246355.62,27258,1220344,411.59,412.59,824.18,413,412,0.00,0.00,0,0
1461826486,s1-eth3,21230.77,988319.69,1009550.50,989308,21252,321.68,333.67,655.34,334,322,0.00,0.00,0,0
1461826486,s1-eth2,5934.07,278149.84,284083.94,278428,5940,89.91,93.91,183.82,94,90,0.00,0.00,0,0
1461826486,s4,0.00,0.00,0.00,0,0,0.00,0.00,0.00,0,0,0.00,0.00,0,0
1461826486,s2-eth1,988319.69,21230.77,1009550.50,21252,989308,333.67,321.68,655.34,322,334,0.00,0.00,0,0
1461826486,s2-eth3,15758.24,727924.12,743682.31,728652,15774,238.76,245.75,484.52,246,239,0.00,0.00,0,0
1461826486,s2-eth2,5532.93,260135.73,265668.66,260656,5544,83.83,87.82,171.66,88,84,0.00,0.00,0,0
1461826486,s5,0.00,0.00,0.00,0,0,0.00,0.00,0.00,0,0,0.00,0.00,0,0
1461826486,s3-eth1,727197.62,15742.52,742940.12,15774,728652,245.51,238.52,484.03,239,246,0.00,0.00,0,0
1461826486,s3-eth3,10538.92,487754.50,498293.44,488730,10560,159.68,164.67,324.35,165,160,0.00,0.00,0,0
1461826486,s3-eth2,5137.72,239443.12,244580.84,239922,5148,77.84,80.84,158.68,81,78,0.00,0.00,0,0
1461826486,eth0,133.73,65.87,199.60,66,134,1.00,1.00,2.00,1,1,0.00,0.00,0,0
1461826486,eth1,0.00,0.00,0.00,0,0,0.00,0.00,0.00,0,0,0.00,0.00,0,0
1461826486,lo,0.00,0.00,0.00,0,0,0.00,0.00,0.00,0,0,0.00,0.00,0,0
1461826486,s1,0.00,0.00,0.00,0,0,0.00,0.00,0.00,0,0,0.00,0.00,0,0
1461826486,s4-eth1,490710.59,10604.79,501315.38,10626,491692,165.67,160.68,326.35,161,166,0.00,0.00,0,0
1461826486,s4-eth3,4940.12,230574.86,235514.97,231036,4950,74.85,77.84,152.69,78,75,0.00,0.00,0,0
1461826486,s4-eth2,5598.80,263091.81,268690.62,263618,5610,84.83,88.82,173.65,89,85,0.00,0.00,0,0
1461826486,s2,0.00,0.00,0.00,0,0,0.00,0.00,0.00,0,0,0.00,0.00,0,0
1461826486,s5-eth1,230574.86,4940.12,235514.97,4950,231036,77.84,74.85,152.69,75,78,0.00,0.00,0,0
1461826486,s5-eth2,4940.12,230574.86,235514.97,231036,4950,74.85,77.84,152.69,78,75,0.00,0.00,0,0
1461826486,total,3733427.25,3783744.50,7517172.00,3791312,3740894,2440.12,2459.08,4899.20,2464,2445,0.00,0.00,0,0
1461826487,s3,0.00,0.00,0.00,0,0,0.00,0.00,0.00,0,0,0.00,0.00,0,0
1461826487,s1-eth1,1225043.00,27230.77,1252273.75,27258,1226268,413.59,412.59,826.17,413,414,0.00,0.00,0,0
1461826487,s1-eth3,21296.70,1003114.94,1024411.62,1004118,21318,322.68,338.66,661.34,339,323,0.00,0.00,0,0
1461826487,s1-eth2,6000.00,281108.91,287108.91,281390,6006,90.91,94.91,185.81,95,91,0.00,0.00,0,0
1461826487,s4,0.00,0.00,0.00,0,0,0.00,0.00,0.00,0,0,0.00,0.00,0,0
1461826487,s2-eth1,1003114.94,21296.70,1024411.62,21318,1004118,338.66,322.68,661.34,323,339,0.00,0.00,0,0
1461826487,s2-eth3,15956.04,757514.50,773470.56,758272,15972,241.76,255.74,497.50,256,242,0.00,0.00,0,0
1461826487,s2-eth2,5280.00,245846.00,251126.00,245846,5280,80.00,83.00,163.00,83,80,0.00,0.00,0,0
1461826487,s5,0.00,0.00,0.00,0,0,0.00,0.00,0.00,0,0,0.00,0.00,0,0
1461826487,s3-eth1,758272.00,15972.00,774244.00,15972,758272,256.00,242.00,498.00,242,256,0.00,0.00,0,0
1461826487,s3-eth3,10164.00,482806.00,492970.00,482806,10164,154.00,163.00,317.00,163,154,0.00,0.00,0,0
1461826487,s3-eth2,5874.00,275466.00,281340.00,275466,5874,89.00,93.00,182.00,93,89,0.00,0.00,0,0
1461826487,eth0,134.00,66.00,200.00,66,134,1.00,1.00,2.00,1,1,0.00,0.00,0,0
1461826487,eth1,0.00,0.00,0.00,0,0,0.00,0.00,0.00,0,0,0.00,0.00,0,0
1461826487,lo,0.00,0.00,0.00,0,0,0.00,0.00,0.00,0,0,0.00,0.00,0,0
1461826487,s1,0.00,0.00,0.00,0,0,0.00,0.00,0.00,0,0,0.00,0.00,0,0
1461826487,s4-eth1,479844.00,10098.00,489942.00,10098,479844,162.00,153.00,315.00,153,162,0.00,0.00,0,0
1461826487,s4-eth3,5610.00,263618.00,269228.00,263618,5610,85.00,89.00,174.00,89,85,0.00,0.00,0,0
1461826487,s4-eth2,4554.00,213264.00,217818.00,213264,4554,69.00,72.00,141.00,72,69,0.00,0.00,0,0
1461826487,s2,0.00,0.00,0.00,0,0,0.00,0.00,0.00,0,0,0.00,0.00,0,0
1461826487,s5-eth1,263618.00,5610.00,269228.00,5610,263618,89.00,85.00,174.00,85,89,0.00,0.00,0,0
1461826487,s5-eth2,5610.00,263618.00,269228.00,263618,5610,85.00,89.00,174.00,89,85,0.00,0.00,0,0
1461826487,total,3812642.00,3868720.00,7681362.00,3868720,3812642,2479.00,2496.00,4975.00,2496,2479,0.00,0.00,0,0
1461826488,s3,0.00,0.00,0.00,0,0,0.00,0.00,0.00,0,0,0.00,0.00,0,0
1461826488,s1-eth1,1220344.00,27258.00,1247602.00,27258,1220344,412.00,413.00,825.00,413,412,0.00,0.00,0,0
1461826488,s1-eth3,21024.00,980590.00,1001614.00,980590,21024,320.00,335.00,655.00,335,320,0.00,0.00,0,0
1461826488,s1-eth2,6504.00,296368.00,302872.00,296368,6504,100.00,104.00,204.00,104,100,0.00,0.00,0,0
1461826488,s4,0.00,0.00,0.00,0,0,0.00,0.00,0.00,0,0,0.00,0.00,0,0
1461826488,s2-eth1,980590.00,21024.00,1001614.00,21024,980590,335.00,320.00,655.00,320,335,0.00,0.00,0,0
1461826488,s2-eth3,15366.00,708170.00,723536.00,708170,15366,235.00,245.00,480.00,245,235,0.00,0.00,0,0
1461826488,s2-eth2,5976.00,272672.00,278648.00,272672,5976,92.00,96.00,188.00,96,92,0.00,0.00,0,0
1461826488,s5,0.00,0.00,0.00,0,0,0.00,0.00,0.00,0,0,0.00,0.00,0,0
1461826488,s3-eth1,708170.00,15366.00,723536.00,15366,708170,245.00,235.00,480.00,235,245,0.00,0.00,0,0
1461826488,s3-eth3,10812.00,494906.00,505718.00,494906,10812,166.00,173.00,339.00,173,166,0.00,0.00,0,0
1461826488,s3-eth2,4656.00,213432.00,218088.00,213432,4656,72.00,76.00,148.00,76,72,0.00,0.00,0,0
1461826488,eth0,134.00,66.00,200.00,66,134,1.00,1.00,2.00,1,1,0.00,0.00,0,0
1461826488,eth1,0.00,0.00,0.00,0,0,0.00,0.00,0.00,0,0,0.00,0.00,0,0
1461826488,lo,16388.00,16388.00,32776.00,16388,16388,153.00,153.00,306.00,153,153,0.00,0.00,0,0
1461826488,s1,0.00,0.00,0.00,0,0,0.00,0.00,0.00,0,0,0.00,0.00,0,0
1461826488,s4-eth1,494906.00,10812.00,505718.00,10812,494906,173.00,166.00,339.00,166,173,0.00,0.00,0,0
1461826488,s4-eth3,4326.00,195660.00,199986.00,195660,4326,67.00,70.00,137.00,70,67,0.00,0.00,0,0
1461826488,s4-eth2,6570.00,299330.00,305900.00,299330,6570,101.00,105.00,206.00,105,101,0.00,0.00,0,0
1461826488,s2,0.00,0.00,0.00,0,0,0.00,0.00,0.00,0,0,0.00,0.00,0,0
1461826488,s5-eth1,195660.00,4326.00,199986.00,4326,195660,70.00,67.00,137.00,67,70,0.00,0.00,0,0
1461826488,s5-eth2,4326.00,195660.00,199986.00,195660,4326,67.00,70.00,137.00,70,67,0.00,0.00,0,0
1461826488,total,3695752.00,3752028.00,7447780.00,3752028,3695752,2609.00,2629.00,5238.00,2629,2609,0.00,0.00,0,0
1461826489,s3,0.00,0.00,0.00,0,0,0.00,0.00,0.00,0,0,0.00,0.00,0,0
1461826489,s1-eth1,1223306.00,27258.00,1250564.00,27258,1223306,413.00,413.00,826.00,413,413,0.00,0.00,0,0
1461826489,s1-eth3,21252.00,1048548.00,1069800.00,1048548,21252,322.00,354.00,676.00,354,322,0.00,0.00,0,0
1461826489,s1-eth2,6072.00,299162.00,305234.00,299162,6072,92.00,101.00,193.00,101,92,0.00,0.00,0,0
1461826489,s4,0.00,0.00,0.00,0,0,0.00,0.00,0.00,0,0,0.00,0.00,0,0
1461826489,s2-eth1,1048548.00,21252.00,1069800.00,21252,1048548,354.00,322.00,676.00,322,354,0.00,0.00,0,0
1461826489,s2-eth3,15906.00,781968.00,797874.00,781968,15906,241.00,264.00,505.00,264,241,0.00,0.00,0,0
1461826489,s2-eth2,5280.00,266580.00,271860.00,266580,5280,80.00,90.00,170.00,90,80,0.00,0.00,0,0
1461826489,s5,0.00,0.00,0.00,0,0,0.00,0.00,0.00,0,0,0.00,0.00,0,0
1461826489,s3-eth1,781968.00,15906.00,797874.00,15906,781968,264.00,241.00,505.00,241,264,0.00,0.00,0,0
1461826489,s3-eth3,10758.00,524274.00,535032.00,524274,10758,163.00,177.00,340.00,177,163,0.00,0.00,0,0
1461826489,s3-eth2,5214.00,257694.00,262908.00,257694,5214,79.00,87.00,166.00,87,79,0.00,0.00,0,0
1461826489,eth0,134.00,66.00,200.00,66,134,1.00,1.00,2.00,1,1,0.00,0.00,0,0
1461826489,eth1,0.00,0.00,0.00,0,0,0.00,0.00,0.00,0,0,0.00,0.00,0,0
1461826489,lo,0.00,0.00,0.00,0,0,0.00,0.00,0.00,0,0,0.00,0.00,0,0
1461826489,s1,0.00,0.00,0.00,0,0,0.00,0.00,0.00,0,0,0.00,0.00,0,0
1461826489,s4-eth1,524274.00,10758.00,535032.00,10758,524274,177.00,163.00,340.00,163,177,0.00,0.00,0,0
1461826489,s4-eth3,5808.00,281390.00,287198.00,281390,5808,88.00,95.00,183.00,95,88,0.00,0.00,0,0
1461826489,s4-eth2,4884.00,245846.00,250730.00,245846,4884,74.00,83.00,157.00,83,74,0.00,0.00,0,0
1461826489,s2,0.00,0.00,0.00,0,0,0.00,0.00,0.00,0,0,0.00,0.00,0,0
1461826489,s5-eth1,281390.00,5808.00,287198.00,5808,281390,95.00,88.00,183.00,88,95,0.00,0.00,0,0
1461826489,s5-eth2,5808.00,281390.00,287198.00,281390,5808,88.00,95.00,183.00,95,88,0.00,0.00,0,0
1461826489,total,3940602.00,4067900.00,8008502.00,4067900,3940602,2531.00,2574.00,5105.00,2574,2531,0.00,0.00,0,0
1461826490,s3,0.00,0.00,0.00,0,0,0.00,0.00,0.00,0,0,0.00,0.00,0,0
1461826490,s1-eth1,1156427.12,34145.71,1190572.88,34214,1158740,421.16,420.16,841.32,421,422,0.00,0.00,0,0
1461826490,s1-eth3,27946.11,953984.06,981930.19,955892,28002,352.30,441.12,793.41,442,353,0.00,0.00,0,0
1461826490,s1-eth2,6105.79,209560.89,215666.67,209980,6118,66.87,109.78,176.65,110,67,0.00,0.00,0,0
1461826490,s4,0.00,0.00,0.00,0,0,0.00,0.00,0.00,0,0,0.00,0.00,0,0
1461826490,s2-eth1,953984.06,27946.11,981930.19,28002,955892,441.12,352.30,793.41,353,442,0.00,0.00,0,0
1461826490,s2-eth3,20530.94,732928.19,753459.12,734394,20572,265.47,332.34,597.80,333,266,0.00,0.00,0,0
1461826490,s2-eth2,7387.23,218099.81,225487.03,218536,7402,86.83,107.78,194.61,108,87,0.00,0.00,0,0
1461826490,s5,0.00,0.00,0.00,0,0,0.00,0.00,0.00,0,0,0.00,0.00,0,0
1461826490,s3-eth1,732928.19,20530.94,753459.12,20572,734394,332.34,265.47,597.80,266,333,0.00,0.00,0,0
1461826490,s3-eth3,13804.39,471211.59,485015.97,472154,13832,173.65,220.56,394.21,221,174,0.00,0.00,0,0
1461826490,s3-eth2,6726.55,261716.58,268443.12,262240,6740,91.82,111.78,203.59,112,92,0.00,0.00,0,0
1461826490,eth0,133.73,65.87,199.60,66,134,1.00,1.00,2.00,1,1,0.00,0.00,0,0
1461826490,eth1,0.00,0.00,0.00,0,0,0.00,0.00,0.00,0,0,0.00,0.00,0,0
1461826490,lo,0.00,0.00,0.00,0,0,0.00,0.00,0.00,0,0,0.00,0.00,0,0
1461826490,s1,0.00,0.00,0.00,0,0,0.00,0.00,0.00,0,0,0.00,0.00,0,0
1461826490,s4-eth1,471211.59,13804.39,485015.97,13832,472154,220.56,173.65,394.21,174,221,0.00,0.00,0,0
1461826490,s4-eth3,6588.82,258760.48,265349.31,259278,6602,88.82,110.78,199.60,111,89,0.00,0.00,0,0
1461826490,s4-eth2,7187.62,209495.02,216682.64,209914,7202,84.83,108.78,193.61,109,85,0.00,0.00,0,0
1461826490,s2,0.00,0.00,0.00,0,0,0.00,0.00,0.00,0,0,0.00,0.00,0,0
1461826490,s5-eth1,258760.48,6588.82,265349.31,6602,259278,110.78,88.82,199.60,89,111,0.00,0.00,0,0
1461826490,s5-eth2,6495.01,261782.44,268277.44,262306,6508,87.82,112.77,200.60,113,88,0.00,0.00,0,0
1461826490,total,3676217.75,3680620.75,7356838.50,3687982,3683570,2825.35,2957.09,5782.44,2963,2831,0.00,0.00,0,0
1461826491,s3,0.00,0.00,0.00,0,0,0.00,0.00,0.00,0,0,0.00,0.00,0,0
1461826491,s1-eth1,1198127.75,64574.85,1262702.62,64704,1200524,724.55,724.55,1449.10,726,726,0.00,0.00,0,0
1461826491,s1-eth3,58091.82,1065095.88,1123187.62,1067226,58208,654.69,635.73,1290.42,637,656,0.00,0.00,0,0
1461826491,s1-eth2,6379.24,112796.41,119175.65,113022,6392,67.86,66.87,134.73,67,68,0.00,0.00,0,0
1461826491,s4,0.00,0.00,0.00,0,0,0.00,0.00,0.00,0,0,0.00,0.00,0,0
1461826491,s2-eth1,1065095.88,58091.82,1123187.62,58208,1067226,635.73,654.69,1290.42,656,637,0.00,0.00,0,0
1461826491,s2-eth3,42361.28,811449.12,853810.38,813072,42446,476.05,471.06,947.11,472,477,0.00,0.00,0,0
1461826491,s2-eth2,15692.62,261201.61,276894.22,261724,15724,177.64,169.66,347.31,170,178,0.00,0.00,0,0
1461826491,s5,0.00,0.00,0.00,0,0,0.00,0.00,0.00,0,0,0.00,0.00,0,0
1461826491,s3-eth1,811449.12,42361.28,853810.38,42446,813072,471.06,476.05,947.11,477,472,0.00,0.00,0,0
1461826491,s3-eth3,24564.87,479433.16,503998.03,480392,24614,272.46,279.44,551.90,280,273,0.00,0.00,0,0
1461826491,s3-eth2,17730.54,336548.91,354279.44,337222,17766,202.59,194.61,397.21,195,203,0.00,0.00,0,0
1461826491,eth0,133.73,65.87,199.60,66,134,1.00,1.00,2.00,1,1,0.00,0.00,0,0
1461826491,eth1,0.00,0.00,0.00,0,0,0.00,0.00,0.00,0,0,0.00,0.00,0,0
1461826491,lo,0.00,0.00,0.00,0,0,0.00,0.00,0.00,0,0,0.00,0.00,0,0
1461826491,s1,0.00,0.00,0.00,0,0,0.00,0.00,0.00,0,0,0.00,0.00,0,0
1461826491,s4-eth1,479433.16,24564.87,503998.03,24614,480392,279.44,272.46,551.90,273,280,0.00,0.00,0,0
1461826491,s4-eth3,9666.67,199379.25,209045.91,199778,9686,108.78,108.78,217.56,109,109,0.00,0.00,0,0
1461826491,s4-eth2,14860.28,280053.91,294914.19,280614,14890,162.67,170.66,333.33,171,163,0.00,0.00,0,0
1461826491,s2,0.00,0.00,0.00,0,0,0.00,0.00,0.00,0,0,0.00,0.00,0,0
1461826491,s5-eth1,199379.25,9666.67,209045.91,9686,199778,108.78,108.78,217.56,109,109,0.00,0.00,0,0
1461826491,s5-eth2,9760.48,196357.30,206117.77,196750,9780,109.78,106.79,216.57,107,110,0.00,0.00,0,0
1461826491,total,3952726.75,3941640.75,7894367.50,3949524,3960632,4453.09,4441.12,8894.21,4450,4462,0.00,0.00,0,0
1461826492,s3,0.00,0.00,0.00,0,0,0.00,0.00,0.00,0,0,0.00,0.00,0,0
1461826492,s1-eth1,1212716.00,29868.00,1242584.00,29868,1212716,450.00,450.00,900.00,450,450,0.00,0.00,0,0
1461826492,s1-eth3,24816.00,1040124.00,1064940.00,1040124,24816,376.00,358.00,734.00,358,376,0.00,0.00,0,0
1461826492,s1-eth2,5250.00,278428.00,283678.00,278428,5250,77.00,94.00,171.00,94,77,0.00,0.00,0,0
1461826492,s4,0.00,0.00,0.00,0,0,0.00,0.00,0.00,0,0,0.00,0.00,0,0
1461826492,s2-eth1,1040124.00,24816.00,1064940.00,24816,1040124,358.00,376.00,734.00,376,358,0.00,0.00,0,0
1461826492,s2-eth3,19272.00,819290.00,838562.00,819290,19272,292.00,281.00,573.00,281,292,0.00,0.00,0,0
1461826492,s2-eth2,5610.00,213264.00,218874.00,213264,5610,85.00,72.00,157.00,72,85,0.00,0.00,0,0
1461826492,s5,0.00,0.00,0.00,0,0,0.00,0.00,0.00,0,0,0.00,0.00,0,0
1461826492,s3-eth1,819290.00,19272.00,838562.00,19272,819290,281.00,292.00,573.00,292,281,0.00,0.00,0,0
1461826492,s3-eth3,11880.00,483004.00,494884.00,483004,11880,180.00,166.00,346.00,166,180,0.00,0.00,0,0
1461826492,s3-eth2,7458.00,331744.00,339202.00,331744,7458,113.00,112.00,225.00,112,113,0.00,0.00,0,0
1461826492,eth0,134.00,66.00,200.00,66,134,1.00,1.00,2.00,1,1,0.00,0.00,0,0
1461826492,eth1,0.00,0.00,0.00,0,0,0.00,0.00,0.00,0,0,0.00,0.00,0,0
1461826492,lo,0.00,0.00,0.00,0,0,0.00,0.00,0.00,0,0,0.00,0.00,0,0
1461826492,s1,0.00,0.00,0.00,0,0,0.00,0.00,0.00,0,0,0.00,0.00,0,0
1461826492,s4-eth1,483004.00,11880.00,494884.00,11880,483004,166.00,180.00,346.00,180,166,0.00,0.00,0,0
1461826492,s4-eth3,7128.00,325820.00,332948.00,325820,7128,108.00,110.00,218.00,110,108,0.00,0.00,0,0
1461826492,s4-eth2,4818.00,160146.00,164964.00,160146,4818,73.00,57.00,130.00,57,73,0.00,0.00,0,0
1461826492,s2,0.00,0.00,0.00,0,0,0.00,0.00,0.00,0,0,0.00,0.00,0,0
1461826492,s5-eth1,325820.00,7128.00,332948.00,7128,325820,110.00,108.00,218.00,108,110,0.00,0.00,0,0
1461826492,s5-eth2,7128.00,325820.00,332948.00,325820,7128,108.00,110.00,218.00,110,108,0.00,0.00,0,0
1461826492,total,3974448.00,4070670.00,8045118.00,4070670,3974448,2778.00,2767.00,5545.00,2767,2778,0.00,0.00,0,0
1461826493,s3,0.00,0.00,0.00,0,0,0.00,0.00,0.00,0,0,0.00,0.00,0,0
1461826493,s1-eth1,1202572.00,26796.00,1229368.00,26796,1202572,406.00,406.00,812.00,406,406,0.00,0.00,0,0
1461826493,s1-eth3,20526.00,935992.00,956518.00,935992,20526,311.00,316.00,627.00,316,311,0.00,0.00,0,0
1461826493,s1-eth2,6204.00,284352.00,290556.00,284352,6204,94.00,96.00,190.00,96,94,0.00,0.00,0,0
1461826493,s4,0.00,0.00,0.00,0,0,0.00,0.00,0.00,0,0,0.00,0.00,0,0
1461826493,s2-eth1,935992.00,20526.00,956518.00,20526,935992,316.00,311.00,627.00,311,316,0.00,0.00,0,0
1461826493,s2-eth3,16302.00,740500.00,756802.00,740500,16302,247.00,250.00,497.00,250,247,0.00,0.00,0,0
1461826493,s2-eth2,4290.00,195492.00,199782.00,195492,4290,65.00,66.00,131.00,66,65,0.00,0.00,0,0
1461826493,s5,0.00,0.00,0.00,0,0,0.00,0.00,0.00,0,0,0.00,0.00,0,0
1461826493,s3-eth1,740500.00,16302.00,756802.00,16302,740500,250.00,247.00,497.00,247,250,0.00,0.00,0,0
1461826493,s3-eth3,10428.00,476882.00,487310.00,476882,10428,158.00,161.00,319.00,161,158,0.00,0.00,0,0
1461826493,s3-eth2,5808.00,263618.00,269426.00,263618,5808,88.00,89.00,177.00,89,88,0.00,0.00,0,0
1461826493,eth0,134.00,385.00,519.00,385,134,1.00,2.00,3.00,2,1,0.00,0.00,0,0
1461826493,eth1,0.00,0.00,0.00,0,0,0.00,0.00,0.00,0,0,0.00,0.00,0,0
1461826493,lo,860.00,860.00,1720.00,860,860,15.00,15.00,30.00,15,15,0.00,0.00,0,0
1461826493,s1,0.00,0.00,0.00,0,0,0.00,0.00,0.00,0,0,0.00,0.00,0,0
1461826493,s4-eth1,476882.00,10428.00,487310.00,10428,476882,161.00,158.00,319.00,158,161,0.00,0.00,0,0
1461826493,s4-eth3,5808.00,263618.00,269426.00,263618,5808,88.00,89.00,177.00,89,88,0.00,0.00,0,0
1461826493,s4-eth2,4686.00,210302.00,214988.00,210302,4686,71.00,71.00,142.00,71,71,0.00,0.00,0,0
1461826493,s2,0.00,0.00,0.00,0,0,0.00,0.00,0.00,0,0,0.00,0.00,0,0
1461826493,s5-eth1,263618.00,5808.00,269426.00,5808,263618,89.00,88.00,177.00,88,89,0.00,0.00,0,0
1461826493,s5-eth2,5808.00,263618.00,269426.00,263618,5808,88.00,89.00,177.00,89,88,0.00,0.00,0,0
1461826493,total,3700418.00,3715479.00,7415897.00,3715479,3700418,2448.00,2454.00,4902.00,2454,2448,0.00,0.00,0,0
1461826494,s3,0.00,0.00,0.00,0,0,0.00,0.00,0.00,0,0,0.00,0.00,0,0
1461826494,s1-eth1,1223306.00,27258.00,1250564.00,27258,1223306,413.00,413.00,826.00,413,413,0.00,0.00,0,0
1461826494,s1-eth3,21582.00,962650.00,984232.00,962650,21582,327.00,325.00,652.00,325,327,0.00,0.00,0,0
1461826494,s1-eth2,5742.00,257694.00,263436.00,257694,5742,87.00,87.00,174.00,87,87,0.00,0.00,0,0
1461826494,s4,0.00,0.00,0.00,0,0,0.00,0.00,0.00,0,0,0.00,0.00,0,0
1461826494,s2-eth1,962650.00,21582.00,984232.00,21582,962650,325.00,327.00,652.00,327,325,0.00,0.00,0,0
1461826494,s2-eth3,17226.00,770120.00,787346.00,770120,17226,261.00,260.00,521.00,260,261,0.00,0.00,0,0
1461826494,s2-eth2,4290.00,192530.00,196820.00,192530,4290,65.00,65.00,130.00,65,65,0.00,0.00,0,0
1461826494,s5,0.00,0.00,0.00,0,0,0.00,0.00,0.00,0,0,0.00,0.00,0,0
1461826494,s3-eth1,770120.00,17226.00,787346.00,17226,770120,260.00,261.00,521.00,261,260,0.00,0.00,0,0
1461826494,s3-eth3,10428.00,465034.00,475462.00,465034,10428,158.00,157.00,315.00,157,158,0.00,0.00,0,0
1461826494,s3-eth2,6864.00,305086.00,311950.00,305086,6864,104.00,103.00,207.00,103,104,0.00,0.00,0,0
1461826494,eth0,134.00,66.00,200.00,66,134,1.00,1.00,2.00,1,1,0.00,0.00,0,0
1461826494,eth1,0.00,0.00,0.00,0,0,0.00,0.00,0.00,0,0,0.00,0.00,0,0
1461826494,lo,0.00,0.00,0.00,0,0,0.00,0.00,0.00,0,0,0.00,0.00,0,0
1461826494,s1,0.00,0.00,0.00,0,0,0.00,0.00,0.00,0,0,0.00,0.00,0,0
1461826494,s4-eth1,465034.00,10428.00,475462.00,10428,465034,157.00,158.00,315.00,158,157,0.00,0.00,0,0
1461826494,s4-eth3,6468.00,287314.00,293782.00,287314,6468,98.00,97.00,195.00,97,98,0.00,0.00,0,0
1461826494,s4-eth2,3960.00,180682.00,184642.00,180682,3960,60.00,61.00,121.00,61,60,0.00,0.00,0,0
1461826494,s2,0.00,0.00,0.00,0,0,0.00,0.00,0.00,0,0,0.00,0.00,0,0
1461826494,s5-eth1,287314.00,6468.00,293782.00,6468,287314,97.00,98.00,195.00,98,97,0.00,0.00,0,0
1461826494,s5-eth2,6468.00,287314.00,293782.00,287314,6468,98.00,97.00,195.00,97,98,0.00,0.00,0,0
1461826494,total,3791586.00,3791452.00,7583038.00,3791452,3791586,2511.00,2510.00,5021.00,2510,2511,0.00,0.00,0,0
1461826495,s3,0.00,0.00,0.00,0,0,0.00,0.00,0.00,0,0,0.00,0.00,0,0
1461826495,s1-eth1,1217382.00,27126.00,1244508.00,27126,1217382,411.00,411.00,822.00,411,411,0.00,0.00,0,0
1461826495,s1-eth3,20856.00,941916.00,962772.00,941916,20856,316.00,318.00,634.00,318,316,0.00,0.00,0,0
1461826495,s1-eth2,6270.00,278428.00,284698.00,278428,6270,95.00,94.00,189.00,94,95,0.00,0.00,0,0
1461826495,s4,0.00,0.00,0.00,0,0,0.00,0.00,0.00,0,0,0.00,0.00,0,0
1461826495,s2-eth1,941916.00,20856.00,962772.00,20856,941916,318.00,316.00,634.00,316,318,0.00,0.00,0,0
1461826495,s2-eth3,16830.00,758272.00,775102.00,758272,16830,255.00,256.00,511.00,256,255,0.00,0.00,0,0
1461826495,s2-eth2,4092.00,186606.00,190698.00,186606,4092,62.00,63.00,125.00,63,62,0.00,0.00,0,0
1461826495,s5,0.00,0.00,0.00,0,0,0.00,0.00,0.00,0,0,0.00,0.00,0,0
1461826495,s3-eth1,758272.00,16830.00,775102.00,16830,758272,256.00,255.00,511.00,255,256,0.00,0.00,0,0
1461826495,s3-eth3,10296.00,465034.00,475330.00,465034,10296,156.00,157.00,313.00,157,156,0.00,0.00,0,0
1461826495,s3-eth2,6534.00,293238.00,299772.00,293238,6534,99.00,99.00,198.00,99,99,0.00,0.00,0,0
1461826495,eth0,134.00,66.00,200.00,66,134,1.00,1.00,2.00,1,1,0.00,0.00,0,0
1461826495,eth1,0.00,0.00,0.00,0,0,0.00,0.00,0.00,0,0,0.00,0.00,0,0
1461826495,lo,0.00,0.00,0.00,0,0,0.00,0.00,0.00,0,0,0.00,0.00,0,0
1461826495,s1,0.00,0.00,0.00,0,0,0.00,0.00,0.00,0,0,0.00,0.00,0,0
1461826495,s4-eth1,465034.00,10296.00,475330.00,10296,465034,157.00,156.00,313.00,156,157,0.00,0.00,0,0
1461826495,s4-eth3,6534.00,296200.00,302734.00,296200,6534,99.00,100.00,199.00,100,99,0.00,0.00,0,0
1461826495,s4-eth2,3762.00,168834.00,172596.00,168834,3762,57.00,57.00,114.00,57,57,0.00,0.00,0,0
1461826495,s2,0.00,0.00,0.00,0,0,0.00,0.00,0.00,0,0,0.00,0.00,0,0
1461826495,s5-eth1,296200.00,6534.00,302734.00,6534,296200,100.00,99.00,199.00,99,100,0.00,0.00,0,0
1461826495,s5-eth2,6534.00,296200.00,302734.00,296200,6534,99.00,100.00,199.00,100,99,0.00,0.00,0,0
1461826495,total,3760646.00,3766436.00,7527082.00,3766436,3760646,2481.00,2482.00,4963.00,2482,2481,0.00,0.00,0,0
1461826496,s3,0.00,0.00,0.00,0,0,0.00,0.00,0.00,0,0,0.00,0.00,0,0
1461826496,s1-eth1,1217382.00,27192.00,1244574.00,27192,1217382,411.00,412.00,823.00,412,411,0.00,0.00,0,0
1461826496,s1-eth3,20790.00,965612.00,986402.00,965612,20790,315.00,326.00,641.00,326,315,0.00,0.00,0,0
1461826496,s1-eth2,6336.00,284352.00,290688.00,284352,6336,96.00,96.00,192.00,96,96,0.00,0.00,0,0
1461826496,s4,0.00,0.00,0.00,0,0,0.00,0.00,0.00,0,0,0.00,0.00,0,0
1461826496,s2-eth1,965612.00,20790.00,986402.00,20790,965612,326.00,315.00,641.00,315,326,0.00,0.00,0,0
1461826496,s2-eth3,16302.00,755310.00,771612.00,755310,16302,247.00,255.00,502.00,255,247,0.00,0.00,0,0
1461826496,s2-eth2,4488.00,207340.00,211828.00,207340,4488,68.00,70.00,138.00,70,68,0.00,0.00,0,0
1461826496,s5,0.00,0.00,0.00,0,0,0.00,0.00,0.00,0,0,0.00,0.00,0,0
1461826496,s3-eth1,755310.00,16302.00,771612.00,16302,755310,255.00,247.00,502.00,247,255,0.00,0.00,0,0
1461826496,s3-eth3,9966.00,462072.00,472038.00,462072,9966,151.00,156.00,307.00,156,151,0.00,0.00,0,0
1461826496,s3-eth2,6336.00,293238.00,299574.00,293238,6336,96.00,99.00,195.00,99,96,0.00,0.00,0,0
1461826496,eth0,134.00,66.00,200.00,66,134,1.00,1.00,2.00,1,1,0.00,0.00,0,0
1461826496,eth1,0.00,0.00,0.00,0,0,0.00,0.00,0.00,0,0,0.00,0.00,0,0
1461826496,lo,0.00,0.00,0.00,0,0,0.00,0.00,0.00,0,0,0.00,0.00,0,0
1461826496,s1,0.00,0.00,0.00,0,0,0.00,0.00,0.00,0,0,0.00,0.00,0,0
1461826496,s4-eth1,462072.00,9966.00,472038.00,9966,462072,156.00,151.00,307.00,151,156,0.00,0.00,0,0
1461826496,s4-eth3,6072.00,278428.00,284500.00,278428,6072,92.00,94.00,186.00,94,92,0.00,0.00,0,0
1461826496,s4-eth2,3894.00,180682.00,184576.00,180682,3894,59.00,61.00,120.00,61,59,0.00,0.00,0,0
1461826496,s2,0.00,0.00,0.00,0,0,0.00,0.00,0.00,0,0,0.00,0.00,0,0
1461826496,s5-eth1,278428.00,6072.00,284500.00,6072,278428,94.00,92.00,186.00,92,94,0.00,0.00,0,0
1461826496,s5-eth2,6072.00,278428.00,284500.00,278428,6072,92.00,94.00,186.00,94,92,0.00,0.00,0,0
1461826496,total,3759194.00,3785850.00,7545044.00,3785850,3759194,2459.00,2469.00,4928.00,2469,2459,0.00,0.00,0,0
1461826497,s3,0.00,0.00,0.00,0,0,0.00,0.00,0.00,0,0,0.00,0.00,0,0
1461826497,s1-eth1,1223306.00,27258.00,1250564.00,27258,1223306,413.00,413.00,826.00,413,413,0.00,0.00,0,0
1461826497,s1-eth3,21450.00,995232.00,1016682.00,995232,21450,325.00,336.00,661.00,336,325,0.00,0.00,0,0
1461826497,s1-eth2,5808.00,275466.00,281274.00,275466,5808,88.00,93.00,181.00,93,88,0.00,0.00,0,0
1461826497,s4,0.00,0.00,0.00,0,0,0.00,0.00,0.00,0,0,0.00,0.00,0,0
1461826497,s2-eth1,995232.00,21450.00,1016682.00,21450,995232,336.00,325.00,661.00,325,336,0.00,0.00,0,0
1461826497,s2-eth3,16830.00,784930.00,801760.00,784930,16830,255.00,265.00,520.00,265,255,0.00,0.00,0,0
1461826497,s2-eth2,4554.00,216226.00,220780.00,216226,4554,69.00,73.00,142.00,73,69,0.00,0.00,0,0
1461826497,s5,0.00,0.00,0.00,0,0,0.00,0.00,0.00,0,0,0.00,0.00,0,0
1461826497,s3-eth1,784930.00,16830.00,801760.00,16830,784930,265.00,255.00,520.00,255,265,0.00,0.00,0,0
1461826497,s3-eth3,10560.00,491692.00,502252.00,491692,10560,160.00,166.00,326.00,166,160,0.00,0.00,0,0
1461826497,s3-eth2,6270.00,293238.00,299508.00,293238,6270,95.00,99.00,194.00,99,95,0.00,0.00,0,0
1461826497,eth0,134.00,66.00,200.00,66,134,1.00,1.00,2.00,1,1,0.00,0.00,0,0
1461826497,eth1,0.00,0.00,0.00,0,0,0.00,0.00,0.00,0,0,0.00,0.00,0,0
1461826497,lo,0.00,0.00,0.00,0,0,0.00,0.00,0.00,0,0,0.00,0.00,0,0
1461826497,s1,0.00,0.00,0.00,0,0,0.00,0.00,0.00,0,0,0.00,0.00,0,0
1461826497,s4-eth1,491692.00,10560.00,502252.00,10560,491692,166.00,160.00,326.00,160,166,0.00,0.00,0,0
1461826497,s4-eth3,6138.00,284352.00,290490.00,284352,6138,93.00,96.00,189.00,96,93,0.00,0.00,0,0
1461826497,s4-eth2,4356.00,207340.00,211696.00,207340,4356,66.00,70.00,136.00,70,66,0.00,0.00,0,0
1461826497,s2,0.00,0.00,0.00,0,0,0.00,0.00,0.00,0,0,0.00,0.00,0,0
1461826497,s5-eth1,284352.00,6138.00,290490.00,6138,284352,96.00,93.00,189.00,93,96,0.00,0.00,0,0
1461826497,s5-eth2,6138.00,284352.00,290490.00,284352,6138,93.00,96.00,189.00,96,93,0.00,0.00,0,0
1461826497,total,3861750.00,3915130.00,7776880.00,3915130,3861750,2521.00,2541.00,5062.00,2541,2521,0.00,0.00,0,0
1461826498,s3,0.00,0.00,0.00,0,0,0.00,0.00,0.00,0,0,0.00,0.00,0,0
1461826498,s1-eth1,1178876.00,26268.00,1205144.00,26268,1178876,398.00,398.00,796.00,398,398,0.00,0.00,0,0
1461826498,s1-eth3,20394.00,986346.00,1006740.00,986346,20394,309.00,333.00,642.00,333,309,0.00,0.00,0,0
1461826498,s1-eth2,5940.00,284352.00,290292.00,284352,5940,90.00,96.00,186.00,96,90,0.00,0.00,0,0
1461826498,s4,0.00,0.00,0.00,0,0,0.00,0.00,0.00,0,0,0.00,0.00,0,0
1461826498,s2-eth1,986346.00,20394.00,1006740.00,20394,986346,333.00,309.00,642.00,309,333,0.00,0.00,0,0
1461826498,s2-eth3,15576.00,746424.00,762000.00,746424,15576,236.00,252.00,488.00,252,236,0.00,0.00,0,0
1461826498,s2-eth2,4818.00,236960.00,241778.00,236960,4818,73.00,80.00,153.00,80,73,0.00,0.00,0,0
1461826498,s5,0.00,0.00,0.00,0,0,0.00,0.00,0.00,0,0,0.00,0.00,0,0
1461826498,s3-eth1,746424.00,15576.00,762000.00,15576,746424,252.00,236.00,488.00,236,252,0.00,0.00,0,0
1461826498,s3-eth3,10098.00,485768.00,495866.00,485768,10098,153.00,164.00,317.00,164,153,0.00,0.00,0,0
1461826498,s3-eth2,5412.00,260656.00,266068.00,260656,5412,82.00,88.00,170.00,88,82,0.00,0.00,0,0
1461826498,eth0,134.00,66.00,200.00,66,134,1.00,1.00,2.00,1,1,0.00,0.00,0,0
1461826498,eth1,0.00,0.00,0.00,0,0,0.00,0.00,0.00,0,0,0.00,0.00,0,0
1461826498,lo,860.00,860.00,1720.00,860,860,15.00,15.00,30.00,15,15,0.00,0.00,0,0
1461826498,s1,0.00,0.00,0.00,0,0,0.00,0.00,0.00,0,0,0.00,0.00,0,0
1461826498,s4-eth1,485768.00,10098.00,495866.00,10098,485768,164.00,153.00,317.00,153,164,0.00,0.00,0,0
1461826498,s4-eth3,6204.00,299162.00,305366.00,299162,6204,94.00,101.00,195.00,101,94,0.00,0.00,0,0
1461826498,s4-eth2,3960.00,192530.00,196490.00,192530,3960,60.00,65.00,125.00,65,60,0.00,0.00,0,0
1461826498,s2,0.00,0.00,0.00,0,0,0.00,0.00,0.00,0,0,0.00,0.00,0,0
1461826498,s5-eth1,299162.00,6204.00,305366.00,6204,299162,101.00,94.00,195.00,94,101,0.00,0.00,0,0
1461826498,s5-eth2,6204.00,299162.00,305366.00,299162,6204,94.00,101.00,195.00,101,94,0.00,0.00,0,0
1461826498,total,3776176.00,3870826.00,7647002.00,3870826,3776176,2455.00,2486.00,4941.00,2486,2455,0.00,0.00,0,0
1461826499,s3,0.00,0.00,0.00,0,0,0.00,0.00,0.00,0,0,0.00,0.00,0,0
1461826499,s1-eth1,1223306.00,27362.00,1250668.00,27362,1223306,413.00,413.00,826.00,413,413,0.00,0.00,0,0
1461826499,s1-eth3,21978.00,1101864.00,1123842.00,1101864,21978,333.00,372.00,705.00,372,333,0.00,0.00,0,0
1461826499,s1-eth2,5318.00,249204.00,254522.00,249204,5318,79.00,90.00,169.00,90,79,0.00,0.00,0,0
1461826499,s4,0.00,0.00,0.00,0,0,0.00,0.00,0.00,0,0,0.00,0.00,0,0
1461826499,s2-eth1,1101864.00,21978.00,1123842.00,21978,1101864,372.00,333.00,705.00,333,372,0.00,0.00,0,0
1461826499,s2-eth3,17094.00,856018.00,873112.00,856018,17094,259.00,289.00,548.00,289,259,0.00,0.00,0,0
1461826499,s2-eth2,4950.00,257694.00,262644.00,257694,4950,75.00,87.00,162.00,87,75,0.00,0.00,0,0
1461826499,s5,0.00,0.00,0.00,0,0,0.00,0.00,0.00,0,0,0.00,0.00,0,0
1461826499,s3-eth1,856018.00,17094.00,873112.00,17094,856018,289.00,259.00,548.00,259,289,0.00,0.00,0,0
1461826499,s3-eth3,11220.00,568704.00,579924.00,568704,11220,170.00,192.00,362.00,192,170,0.00,0.00,0,0
1461826499,s3-eth2,5874.00,290276.00,296150.00,290276,5874,89.00,98.00,187.00,98,89,0.00,0.00,0,0
1461826499,eth0,134.00,66.00,200.00,66,134,1.00,1.00,2.00,1,1,0.00,0.00,0,0
1461826499,eth1,0.00,0.00,0.00,0,0,0.00,0.00,0.00,0,0,0.00,0.00,0,0
1461826499,lo,0.00,0.00,0.00,0,0,0.00,0.00,0.00,0,0,0.00,0.00,0,0
1461826499,s1,0.00,0.00,0.00,0,0,0.00,0.00,0.00,0,0,0.00,0.00,0,0
1461826499,s4-eth1,568704.00,11220.00,579924.00,11220,568704,192.00,170.00,362.00,170,192,0.00,0.00,0,0
1461826499,s4-eth3,5874.00,296200.00,302074.00,296200,5874,89.00,100.00,189.00,100,89,0.00,0.00,0,0
1461826499,s4-eth2,5346.00,275466.00,280812.00,275466,5346,81.00,93.00,174.00,93,81,0.00,0.00,0,0
1461826499,s2,0.00,0.00,0.00,0,0,0.00,0.00,0.00,0,0,0.00,0.00,0,0
1461826499,s5-eth1,296200.00,5874.00,302074.00,5874,296200,100.00,89.00,189.00,89,100,0.00,0.00,0,0
1461826499,s5-eth2,5874.00,296200.00,302074.00,296200,5874,89.00,100.00,189.00,100,89,0.00,0.00,0,0
1461826499,total,4129754.00,4275220.00,8404974.00,4275220,4129754,2631.00,2686.00,5317.00,2686,2631,0.00,0.00,0,0
1461826500,s3,0.00,0.00,0.00,0,0,0.00,0.00,0.00,0,0,0.00,0.00,0,0
1461826500,s1-eth1,1155460.00,40646.00,1196106.00,40646,1155460,482.00,481.00,963.00,481,482,0.00,0.00,0,0
1461826500,s1-eth3,36012.00,1014752.00,1050764.00,1014752,36012,432.00,544.00,976.00,544,432,0.00,0.00,0,0
1461826500,s1-eth2,4606.00,163116.00,167722.00,163116,4606,49.00,102.00,151.00,102,49,0.00,0.00,0,0
1461826500,s4,0.00,0.00,0.00,0,0,0.00,0.00,0.00,0,0,0.00,0.00,0,0
1461826500,s2-eth1,1014752.00,36012.00,1050764.00,36012,1014752,544.00,432.00,976.00,432,544,0.00,0.00,0,0
1461826500,s2-eth3,27722.00,803060.00,830782.00,803060,27722,333.00,430.00,763.00,430,333,0.00,0.00,0,0
1461826500,s2-eth2,8196.00,237760.00,245956.00,237760,8196,98.00,136.00,234.00,136,98,0.00,0.00,0,0
1461826500,s5,0.00,0.00,0.00,0,0,0.00,0.00,0.00,0,0,0.00,0.00,0,0
1461826500,s3-eth1,803060.00,27722.00,830782.00,27722,803060,430.00,333.00,763.00,333,430,0.00,0.00,0,0
1461826500,s3-eth3,18414.00,447282.00,465696.00,447282,18414,215.00,261.00,476.00,261,215,0.00,0.00,0,0
1461826500,s3-eth2,9280.00,352816.00,362096.00,352816,9280,118.00,168.00,286.00,168,118,0.00,0.00,0,0
1461826500,eth0,134.00,66.00,200.00,66,134,1.00,1.00,2.00,1,1,0.00,0.00,0,0
1461826500,eth1,0.00,0.00,0.00,0,0,0.00,0.00,0.00,0,0,0.00,0.00,0,0
1461826500,lo,0.00,0.00,0.00,0,0,0.00,0.00,0.00,0,0,0.00,0.00,0,0
1461826500,s1,0.00,0.00,0.00,0,0,0.00,0.00,0.00,0,0,0.00,0.00,0,0
1461826500,s4-eth1,447282.00,18414.00,465696.00,18414,447282,261.00,215.00,476.00,215,261,0.00,0.00,0,0
1461826500,s4-eth3,9438.00,231902.00,241340.00,231902,9438,111.00,135.00,246.00,135,111,0.00,0.00,0,0
1461826500,s4-eth2,8976.00,206494.00,215470.00,206494,8976,104.00,123.00,227.00,123,104,0.00,0.00,0,0
1461826500,s2,0.00,0.00,0.00,0,0,0.00,0.00,0.00,0,0,0.00,0.00,0,0
1461826500,s5-eth1,231902.00,9438.00,241340.00,9438,231902,135.00,111.00,246.00,111,135,0.00,0.00,0,0
1461826500,s5-eth2,9438.00,233416.00,242854.00,233416,9438,111.00,136.00,247.00,136,111,0.00,0.00,0,0
1461826500,total,3784672.00,3822896.00,7607568.00,3822896,3784672,3424.00,3608.00,7032.00,3608,3424,0.00,0.00,0,0
1461826501,s3,0.00,0.00,0.00,0,0,0.00,0.00,0.00,0,0,0.00,0.00,0,0
1461826501,s1-eth1,1217908.00,68910.00,1286818.00,68910,1217908,770.00,767.00,1537.00,767,770,0.00,0.00,0,0
1461826501,s1-eth3,65252.00,1130294.00,1195546.00,1130294,65252,728.00,715.00,1443.00,715,728,0.00,0.00,0,0
1461826501,s1-eth2,3666.00,130860.00,134526.00,130860,3666,39.00,74.00,113.00,74,39,0.00,0.00,0,0
1461826501,s4,0.00,0.00,0.00,0,0,0.00,0.00,0.00,0,0,0.00,0.00,0,0
1461826501,s2-eth1,1130294.00,65252.00,1195546.00,65252,1130294,715.00,728.00,1443.00,728,715,0.00,0.00,0,0
1461826501,s2-eth3,48710.00,802416.00,851126.00,802416,48710,543.00,508.00,1051.00,508,543,0.00,0.00,0,0
1461826501,s2-eth2,16570.00,287000.00,303570.00,287000,16570,185.00,180.00,365.00,180,185,0.00,0.00,0,0
1461826501,s5,0.00,0.00,0.00,0,0,0.00,0.00,0.00,0,0,0.00,0.00,0,0
1461826501,s3-eth1,802416.00,48710.00,851126.00,48710,802416,508.00,543.00,1051.00,543,508,0.00,0.00,0,0
1461826501,s3-eth3,25690.00,420888.00,446578.00,420888,25690,295.00,256.00,551.00,256,295,0.00,0.00,0,0
1461826501,s3-eth2,23048.00,381528.00,404576.00,381528,23048,248.00,252.00,500.00,252,248,0.00,0.00,0,0
1461826501,eth0,134.00,66.00,200.00,66,134,1.00,1.00,2.00,1,1,0.00,0.00,0,0
1461826501,eth1,0.00,0.00,0.00,0,0,0.00,0.00,0.00,0,0,0.00,0.00,0,0
1461826501,lo,0.00,0.00,0.00,0,0,0.00,0.00,0.00,0,0,0.00,0.00,0,0
1461826501,s1,0.00,0.00,0.00,0,0,0.00,0.00,0.00,0,0,0.00,0.00,0,0
1461826501,s4-eth1,420888.00,25690.00,446578.00,25690,420888,256.00,295.00,551.00,295,256,0.00,0.00,0,0
1461826501,s4-eth3,16450.00,250928.00,267378.00,250928,16450,183.00,160.00,343.00,160,183,0.00,0.00,0,0
1461826501,s4-eth2,9240.00,169960.00,179200.00,169960,9240,112.00,96.00,208.00,96,112,0.00,0.00,0,0
1461826501,s2,0.00,0.00,0.00,0,0,0.00,0.00,0.00,0,0,0.00,0.00,0,0
1461826501,s5-eth1,250928.00,16450.00,267378.00,16450,250928,160.00,183.00,343.00,183,160,0.00,0.00,0,0
1461826501,s5-eth2,16384.00,249414.00,265798.00,249414,16384,182.00,159.00,341.00,159,182,0.00,0.00,0,0
1461826501,total,4047578.00,4048366.00,8095944.00,4048366,4047578,4925.00,4917.00,9842.00,4917,4925,0.00,0.00,0,0
1461826502,s3,0.00,0.00,0.00,0,0,0.00,0.00,0.00,0,0,0.00,0.00,0,0
1461826502,s1-eth1,1233536.00,39396.00,1272932.00,39396,1233536,568.00,552.00,1120.00,552,568,0.00,0.00,0,0
1461826502,s1-eth3,29468.00,961672.00,991140.00,961672,29468,422.00,376.00,798.00,376,422,0.00,0.00,0,0
1461826502,s1-eth2,10014.00,312990.00,323004.00,312990,10014,131.00,135.00,266.00,135,131,0.00,0.00,0,0
1461826502,s4,0.00,0.00,0.00,0,0,0.00,0.00,0.00,0,0,0.00,0.00,0,0
1461826502,s2-eth1,961672.00,29468.00,991140.00,29468,961672,376.00,422.00,798.00,422,376,0.00,0.00,0,0
1461826502,s2-eth3,22456.00,760978.00,783434.00,760978,22456,326.00,297.00,623.00,297,326,0.00,0.00,0,0
1461826502,s2-eth2,7078.00,203656.00,210734.00,203656,7078,97.00,80.00,177.00,80,97,0.00,0.00,0,0
1461826502,s5,0.00,0.00,0.00,0,0,0.00,0.00,0.00,0,0,0.00,0.00,0,0
1461826502,s3-eth1,760978.00,22456.00,783434.00,22456,760978,297.00,326.00,623.00,326,297,0.00,0.00,0,0
1461826502,s3-eth3,10626.00,409614.00,420240.00,409614,10626,157.00,151.00,308.00,151,157,0.00,0.00,0,0
1461826502,s3-eth2,11896.00,351364.00,363260.00,351364,11896,170.00,146.00,316.00,146,170,0.00,0.00,0,0
1461826502,eth0,134.00,66.00,200.00,66,134,1.00,1.00,2.00,1,1,0.00,0.00,0,0
1461826502,eth1,0.00,0.00,0.00,0,0,0.00,0.00,0.00,0,0,0.00,0.00,0,0
1461826502,lo,0.00,0.00,0.00,0,0,0.00,0.00,0.00,0,0,0.00,0.00,0,0
1461826502,s1,0.00,0.00,0.00,0,0,0.00,0.00,0.00,0,0,0.00,0.00,0,0
1461826502,s4-eth1,409614.00,10626.00,420240.00,10626,409614,151.00,157.00,308.00,157,151,0.00,0.00,0,0
1461826502,s4-eth3,5742.00,256378.00,262120.00,256378,5742,87.00,89.00,176.00,89,87,0.00,0.00,0,0
1461826502,s4-eth2,4884.00,153236.00,158120.00,153236,4884,70.00,62.00,132.00,62,70,0.00,0.00,0,0
1461826502,s2,0.00,0.00,0.00,0,0,0.00,0.00,0.00,0,0,0.00,0.00,0,0
1461826502,s5-eth1,256378.00,5742.00,262120.00,5742,256378,89.00,87.00,176.00,87,89,0.00,0.00,0,0
1461826502,s5-eth2,5808.00,259340.00,265148.00,259340,5808,88.00,90.00,178.00,90,88,0.00,0.00,0,0
1461826502,total,3730284.00,3776982.00,7507266.00,3776982,3730284,3030.00,2971.00,6001.00,2971,3030,0.00,0.00,0,0
1461826503,s3,0.00,0.00,0.00,0,0,0.00,0.00,0.00,0,0,0.00,0.00,0,0
1461826503,s1-eth1,1220344.00,27258.00,1247602.00,27258,1220344,412.00,413.00,825.00,413,412,0.00,0.00,0,0
1461826503,s1-eth3,21318.00,968574.00,989892.00,968574,21318,323.00,327.00,650.00,327,323,0.00,0.00,0,0
1461826503,s1-eth2,5874.00,272504.00,278378.00,272504,5874,89.00,92.00,181.00,92,89,0.00,0.00,0,0
1461826503,s4,0.00,0.00,0.00,0,0,0.00,0.00,0.00,0,0,0.00,0.00,0,0
1461826503,s2-eth1,968574.00,21318.00,989892.00,21318,968574,327.00,323.00,650.00,323,327,0.00,0.00,0,0
1461826503,s2-eth3,16566.00,752348.00,768914.00,752348,16566,251.00,254.00,505.00,254,251,0.00,0.00,0,0
1461826503,s2-eth2,4752.00,213264.00,218016.00,213264,4752,72.00,72.00,144.00,72,72,0.00,0.00,0,0
1461826503,s5,0.00,0.00,0.00,0,0,0.00,0.00,0.00,0,0,0.00,0.00,0,0
1461826503,s3-eth1,752348.00,16566.00,768914.00,16566,752348,254.00,251.00,505.00,251,254,0.00,0.00,0,0
1461826503,s3-eth3,8184.00,370250.00,378434.00,370250,8184,124.00,125.00,249.00,125,124,0.00,0.00,0,0
1461826503,s3-eth2,8382.00,382098.00,390480.00,382098,8382,127.00,129.00,256.00,129,127,0.00,0.00,0,0
1461826503,eth0,134.00,66.00,200.00,66,134,1.00,1.00,2.00,1,1,0.00,0.00,0,0
1461826503,eth1,0.00,0.00,0.00,0,0,0.00,0.00,0.00,0,0,0.00,0.00,0,0
1461826503,lo,860.00,860.00,1720.00,860,860,15.00,15.00,30.00,15,15,0.00,0.00,0,0
1461826503,s1,0.00,0.00,0.00,0,0,0.00,0.00,0.00,0,0,0.00,0.00,0,0
1461826503,s4-eth1,370250.00,8184.00,378434.00,8184,370250,125.00,124.00,249.00,124,125,0.00,0.00,0,0
1461826503,s4-eth3,4950.00,225112.00,230062.00,225112,4950,75.00,76.00,151.00,76,75,0.00,0.00,0,0
1461826503,s4-eth2,3234.00,145138.00,148372.00,145138,3234,49.00,49.00,98.00,49,49,0.00,0.00,0,0
1461826503,s2,0.00,0.00,0.00,0,0,0.00,0.00,0.00,0,0,0.00,0.00,0,0
1461826503,s5-eth1,225112.00,4950.00,230062.00,4950,225112,76.00,75.00,151.00,75,76,0.00,0.00,0,0
1461826503,s5-eth2,4884.00,222150.00,227034.00,222150,4884,74.00,75.00,149.00,75,74,0.00,0.00,0,0
1461826503,total,3615766.00,3630640.00,7246406.00,3630640,3615766,2394.00,2401.00,4795.00,2401,2394,0.00,0.00,0,0
1461826504,s3,0.00,0.00,0.00,0,0,0.00,0.00,0.00,0,0,0.00,0.00,0,0
1461826504,s1-eth1,1181838.00,26268.00,1208106.00,26268,1181838,399.00,398.00,797.00,398,399,0.00,0.00,0,0
1461826504,s1-eth3,19734.00,873790.00,893524.00,873790,19734,299.00,295.00,594.00,295,299,0.00,0.00,0,0
1461826504,s1-eth2,6600.00,299162.00,305762.00,299162,6600,100.00,101.00,201.00,101,100,0.00,0.00,0,0
1461826504,s4,0.00,0.00,0.00,0,0,0.00,0.00,0.00,0,0,0.00,0.00,0,0
1461826504,s2-eth1,873790.00,19734.00,893524.00,19734,873790,295.00,299.00,594.00,299,295,0.00,0.00,0,0
1461826504,s2-eth3,15642.00,696070.00,711712.00,696070,15642,237.00,235.00,472.00,235,237,0.00,0.00,0,0
1461826504,s2-eth2,4026.00,183644.00,187670.00,183644,4026,61.00,62.00,123.00,62,61,0.00,0.00,0,0
1461826504,s5,0.00,0.00,0.00,0,0,0.00,0.00,0.00,0,0,0.00,0.00,0,0
1461826504,s3-eth1,696070.00,15642.00,711712.00,15642,696070,235.00,237.00,472.00,237,235,0.00,0.00,0,0
1461826504,s3-eth3,8448.00,382098.00,390546.00,382098,8448,128.00,129.00,257.00,129,128,0.00,0.00,0,0
1461826504,s3-eth2,7194.00,322858.00,330052.00,322858,7194,109.00,109.00,218.00,109,109,0.00,0.00,0,0
1461826504,eth0,134.00,66.00,200.00,66,134,1.00,1.00,2.00,1,1,0.00,0.00,0,0
1461826504,eth1,0.00,0.00,0.00,0,0,0.00,0.00,0.00,0,0,0.00,0.00,0,0
1461826504,lo,0.00,0.00,0.00,0,0,0.00,0.00,0.00,0,0,0.00,0.00,0,0
1461826504,s1,0.00,0.00,0.00,0,0,0.00,0.00,0.00,0,0,0.00,0.00,0,0
1461826504,s4-eth1,382098.00,8448.00,390546.00,8448,382098,129.00,128.00,257.00,128,129,0.00,0.00,0,0
1461826504,s4-eth3,5148.00,233998.00,239146.00,233998,5148,78.00,79.00,157.00,79,78,0.00,0.00,0,0
1461826504,s4-eth2,3300.00,148100.00,151400.00,148100,3300,50.00,50.00,100.00,50,50,0.00,0.00,0,0
1461826504,s2,0.00,0.00,0.00,0,0,0.00,0.00,0.00,0,0,0.00,0.00,0,0
1461826504,s5-eth1,233998.00,5148.00,239146.00,5148,233998,79.00,78.00,157.00,78,79,0.00,0.00,0,0
1461826504,s5-eth2,5214.00,233998.00,239212.00,233998,5214,79.00,79.00,158.00,79,79,0.00,0.00,0,0
1461826504,total,3443234.00,3449024.00,6892258.00,3449024,3443234,2279.00,2280.00,4559.00,2280,2279,0.00,0.00,0,0
1461826505,s3,0.00,0.00,0.00,0,0,0.00,0.00,0.00,0,0,0.00,0.00,0,0
1461826505,s1-eth1,1078168.00,24090.00,1102258.00,24090,1078168,364.00,365.00,729.00,365,364,0.00,0.00,0,0
1461826505,s1-eth3,18480.00,847132.00,865612.00,847132,18480,280.00,286.00,566.00,286,280,0.00,0.00,0,0
1461826505,s1-eth2,5544.00,248808.00,254352.00,248808,5544,84.00,84.00,168.00,84,84,0.00,0.00,0,0
1461826505,s4,0.00,0.00,0.00,0,0,0.00,0.00,0.00,0,0,0.00,0.00,0,0
1461826505,s2-eth1,847132.00,18480.00,865612.00,18480,847132,286.00,280.00,566.00,280,286,0.00,0.00,0,0
1461826505,s2-eth3,14388.00,657564.00,671952.00,657564,14388,218.00,222.00,440.00,222,218,0.00,0.00,0,0
1461826505,s2-eth2,4158.00,186606.00,190764.00,186606,4158,63.00,63.00,126.00,63,63,0.00,0.00,0,0
1461826505,s5,0.00,0.00,0.00,0,0,0.00,0.00,0.00,0,0,0.00,0.00,0,0
1461826505,s3-eth1,657564.00,14388.00,671952.00,14388,657564,222.00,218.00,440.00,218,222,0.00,0.00,0,0
1461826505,s3-eth3,7062.00,319896.00,326958.00,319896,7062,107.00,108.00,215.00,108,107,0.00,0.00,0,0
1461826505,s3-eth2,7326.00,328782.00,336108.00,328782,7326,111.00,111.00,222.00,111,111,0.00,0.00,0,0
1461826505,eth0,134.00,66.00,200.00,66,134,1.00,1.00,2.00,1,1,0.00,0.00,0,0
1461826505,eth1,0.00,0.00,0.00,0,0,0.00,0.00,0.00,0,0,0.00,0.00,0,0
1461826505,lo,0.00,0.00,0.00,0,0,0.00,0.00,0.00,0,0,0.00,0.00,0,0
1461826505,s1,0.00,0.00,0.00,0,0,0.00,0.00,0.00,0,0,0.00,0.00,0,0
1461826505,s4-eth1,319896.00,7062.00,326958.00,7062,319896,108.00,107.00,215.00,107,108,0.00,0.00,0,0
1461826505,s4-eth3,4356.00,195492.00,199848.00,195492,4356,66.00,66.00,132.00,66,66,0.00,0.00,0,0
1461826505,s4-eth2,2706.00,124404.00,127110.00,124404,2706,41.00,42.00,83.00,42,41,0.00,0.00,0,0
1461826505,s2,0.00,0.00,0.00,0,0,0.00,0.00,0.00,0,0,0.00,0.00,0,0
1461826505,s5-eth1,195492.00,4356.00,199848.00,4356,195492,66.00,66.00,132.00,66,66,0.00,0.00,0,0
1461826505,s5-eth2,4356.00,195492.00,199848.00,195492,4356,66.00,66.00,132.00,66,66,0.00,0.00,0,0
1461826505,total,3166762.00,3172618.00,6339380.00,3172618,3166762,2083.00,2085.00,4168.00,2085,2083,0.00,0.00,0,0
1461826506,s3,0.00,0.00,0.00,0,0,0.00,0.00,0.00,0,0,0.00,0.00,0,0
1461826506,s1-eth1,1211458.00,26928.00,1238386.00,26928,1211458,409.00,408.00,817.00,408,409,0.00,0.00,0,0
1461826506,s1-eth3,20460.00,935992.00,956452.00,935992,20460,310.00,316.00,626.00,316,310,0.00,0.00,0,0
1461826506,s1-eth2,6534.00,293238.00,299772.00,293238,6534,99.00,99.00,198.00,99,99,0.00,0.00,0,0
1461826506,s4,0.00,0.00,0.00,0,0,0.00,0.00,0.00,0,0,0.00,0.00,0,0
1461826506,s2-eth1,935992.00,20460.00,956452.00,20460,935992,316.00,310.00,626.00,310,316,0.00,0.00,0,0
1461826506,s2-eth3,15774.00,719766.00,735540.00,719766,15774,239.00,243.00,482.00,243,239,0.00,0.00,0,0
1461826506,s2-eth2,4620.00,213264.00,217884.00,213264,4620,70.00,72.00,142.00,72,70,0.00,0.00,0,0
1461826506,s5,0.00,0.00,0.00,0,0,0.00,0.00,0.00,0,0,0.00,0.00,0,0
1461826506,s3-eth1,719766.00,15774.00,735540.00,15774,719766,243.00,239.00,482.00,239,243,0.00,0.00,0,0
1461826506,s3-eth3,7854.00,358402.00,366256.00,358402,7854,119.00,121.00,240.00,121,119,0.00,0.00,0,0
1461826506,s3-eth2,7920.00,361364.00,369284.00,361364,7920,120.00,122.00,242.00,122,120,0.00,0.00,0,0
1461826506,eth0,134.00,66.00,200.00,66,134,1.00,1.00,2.00,1,1,0.00,0.00,0,0
1461826506,eth1,0.00,0.00,0.00,0,0,0.00,0.00,0.00,0,0,0.00,0.00,0,0
1461826506,lo,0.00,0.00,0.00,0,0,0.00,0.00,0.00,0,0,0.00,0.00,0,0
1461826506,s1,0.00,0.00,0.00,0,0,0.00,0.00,0.00,0,0,0.00,0.00,0,0
1461826506,s4-eth1,358402.00,7854.00,366256.00,7854,358402,121.00,119.00,240.00,119,121,0.00,0.00,0,0
1461826506,s4-eth3,5016.00,228074.00,233090.00,228074,5016,76.00,77.00,153.00,77,76,0.00,0.00,0,0
1461826506,s4-eth2,2838.00,133290.00,136128.00,133290,2838,43.00,45.00,88.00,45,43,0.00,0.00,0,0
1461826506,s2,0.00,0.00,0.00,0,0,0.00,0.00,0.00,0,0,0.00,0.00,0,0
1461826506,s5-eth1,228074.00,5016.00,233090.00,5016,228074,77.00,76.00,153.00,76,77,0.00,0.00,0,0
1461826506,s5-eth2,5016.00,228074.00,233090.00,228074,5016,76.00,77.00,153.00,77,76,0.00,0.00,0,0
1461826506,total,3529858.00,3547562.00,7077420.00,3547562,3529858,2319.00,2325.00,4644.00,2325,2319,0.00,0.00,0,0
1461826507,s3,0.00,0.00,0.00,0,0,0.00,0.00,0.00,0,0,0.00,0.00,0,0
1461826507,s1-eth1,1220344.00,27258.00,1247602.00,27258,1220344,412.00,413.00,825.00,413,412,0.00,0.00,0,0
1461826507,s1-eth3,21120.00,986346.00,1007466.00,986346,21120,320.00,333.00,653.00,333,320,0.00,0.00,0,0
1461826507,s1-eth2,6072.00,278428.00,284500.00,278428,6072,92.00,94.00,186.00,94,92,0.00,0.00,0,0
1461826507,s4,0.00,0.00,0.00,0,0,0.00,0.00,0.00,0,0,0.00,0.00,0,0
1461826507,s2-eth1,986346.00,21120.00,1007466.00,21120,986346,333.00,320.00,653.00,320,333,0.00,0.00,0,0
1461826507,s2-eth3,16632.00,773082.00,789714.00,773082,16632,252.00,261.00,513.00,261,252,0.00,0.00,0,0
1461826507,s2-eth2,4554.00,213264.00,217818.00,213264,4554,69.00,72.00,141.00,72,69,0.00,0.00,0,0
1461826507,s5,0.00,0.00,0.00,0,0,0.00,0.00,0.00,0,0,0.00,0.00,0,0
1461826507,s3-eth1,773082.00,16632.00,789714.00,16632,773082,261.00,252.00,513.00,252,261,0.00,0.00,0,0
1461826507,s3-eth3,9438.00,447262.00,456700.00,447262,9438,143.00,151.00,294.00,151,143,0.00,0.00,0,0
1461826507,s3-eth2,7128.00,325820.00,332948.00,325820,7128,108.00,110.00,218.00,110,108,0.00,0.00,0,0
1461826507,eth0,134.00,66.00,200.00,66,134,1.00,1.00,2.00,1,1,0.00,0.00,0,0
1461826507,eth1,0.00,0.00,0.00,0,0,0.00,0.00,0.00,0,0,0.00,0.00,0,0
1461826507,lo,0.00,0.00,0.00,0,0,0.00,0.00,0.00,0,0,0.00,0.00,0,0
1461826507,s1,0.00,0.00,0.00,0,0,0.00,0.00,0.00,0,0,0.00,0.00,0,0
1461826507,s4-eth1,447262.00,9438.00,456700.00,9438,447262,151.00,143.00,294.00,143,151,0.00,0.00,0,0
1461826507,s4-eth3,5808.00,272504.00,278312.00,272504,5808,88.00,92.00,180.00,92,88,0.00,0.00,0,0
1461826507,s4-eth2,3630.00,171796.00,175426.00,171796,3630,55.00,58.00,113.00,58,55,0.00,0.00,0,0
1461826507,s2,0.00,0.00,0.00,0,0,0.00,0.00,0.00,0,0,0.00,0.00,0,0
1461826507,s5-eth1,272504.00,5808.00,278312.00,5808,272504,92.00,88.00,180.00,88,92,0.00,0.00,0,0
1461826507,s5-eth2,5808.00,275466.00,281274.00,275466,5808,88.00,93.00,181.00,93,88,0.00,0.00,0,0
1461826507,total,3779862.00,3824290.00,7604152.00,3824290,3779862,2465.00,2481.00,4946.00,2481,2465,0.00,0.00,0,0
1461826508,s3,0.00,0.00,0.00,0,0,0.00,0.00,0.00,0,0,0.00,0.00,0,0
1461826508,s1-eth1,1226268.00,27258.00,1253526.00,27258,1226268,414.00,413.00,827.00,413,414,0.00,0.00,0,0
1461826508,s1-eth3,21384.00,1033738.00,1055122.00,1033738,21384,324.00,349.00,673.00,349,324,0.00,0.00,0,0
1461826508,s1-eth2,5874.00,278428.00,284302.00,278428,5874,89.00,94.00,183.00,94,89,0.00,0.00,0,0
1461826508,s4,0.00,0.00,0.00,0,0,0.00,0.00,0.00,0,0,0.00,0.00,0,0
1461826508,s2-eth1,1033738.00,21384.00,1055122.00,21384,1033738,349.00,324.00,673.00,324,349,0.00,0.00,0,0
1461826508,s2-eth3,16302.00,784930.00,801232.00,784930,16302,247.00,265.00,512.00,265,247,0.00,0.00,0,0
1461826508,s2-eth2,5082.00,248808.00,253890.00,248808,5082,77.00,84.00,161.00,84,77,0.00,0.00,0,0
1461826508,s5,0.00,0.00,0.00,0,0,0.00,0.00,0.00,0,0,0.00,0.00,0,0
1461826508,s3-eth1,784930.00,16302.00,801232.00,16302,784930,265.00,247.00,512.00,247,265,0.00,0.00,0,0
1461826508,s3-eth3,8910.00,444300.00,453210.00,444300,8910,135.00,150.00,285.00,150,135,0.00,0.00,0,0
1461826508,s3-eth2,7392.00,343592.00,350984.00,343592,7392,112.00,116.00,228.00,116,112,0.00,0.00,0,0
1461826508,eth0,134.00,66.00,200.00,66,134,1.00,1.00,2.00,1,1,0.00,0.00,0,0
1461826508,eth1,0.00,0.00,0.00,0,0,0.00,0.00,0.00,0,0,0.00,0.00,0,0
1461826508,lo,860.00,860.00,1720.00,860,860,15.00,15.00,30.00,15,15,0.00,0.00,0,0
1461826508,s1,0.00,0.00,0.00,0,0,0.00,0.00,0.00,0,0,0.00,0.00,0,0
1461826508,s4-eth1,444300.00,8910.00,453210.00,8910,444300,150.00,135.00,285.00,135,150,0.00,0.00,0,0
1461826508,s4-eth3,4950.00,242884.00,247834.00,242884,4950,75.00,82.00,157.00,82,75,0.00,0.00,0,0
1461826508,s4-eth2,3960.00,201416.00,205376.00,201416,3960,60.00,68.00,128.00,68,60,0.00,0.00,0,0
1461826508,s2,0.00,0.00,0.00,0,0,0.00,0.00,0.00,0,0,0.00,0.00,0,0
1461826508,s5-eth1,242884.00,4950.00,247834.00,4950,242884,82.00,75.00,157.00,75,82,0.00,0.00,0,0
1461826508,s5-eth2,4884.00,239922.00,244806.00,239922,4884,74.00,81.00,155.00,81,74,0.00,0.00,0,0
1461826508,total,3811852.00,3897748.00,7709600.00,3897748,3811852,2469.00,2499.00,4968.00,2499,2469,0.00,0.00,0,0
1461826509,s3,0.00,0.00,0.00,0,0,0.00,0.00,0.00,0,0,0.00,0.00,0,0
1461826509,s1-eth1,1219124.88,27230.77,1246355.62,27258,1220344,411.59,412.59,824.18,413,412,0.00,0.00,0,0
1461826509,s1-eth3,22153.85,1106681.38,1128835.25,1107788,22176,335.66,373.63,709.29,374,336,0.00,0.00,0,0
1461826509,s1-eth2,5076.92,245600.41,250677.33,245846,5082,76.92,82.92,159.84,83,77,0.00,0.00,0,0
1461826509,s4,0.00,0.00,0.00,0,0,0.00,0.00,0.00,0,0,0.00,0.00,0,0
1461826509,s2-eth1,1106681.38,22153.85,1128835.25,22176,1107788,373.63,335.66,709.29,336,374,0.00,0.00,0,0
1461826509,s2-eth3,17406.59,884753.25,902159.88,885638,17424,263.74,298.70,562.44,299,264,0.00,0.00,0,0
1461826509,s2-eth2,4747.25,239682.33,244429.58,239922,4752,71.93,80.92,152.85,81,72,0.00,0.00,0,0
1461826509,s5,0.00,0.00,0.00,0,0,0.00,0.00,0.00,0,0,0.00,0.00,0,0
1461826509,s3-eth1,884753.25,17406.59,902159.88,17424,885638,298.70,263.74,562.44,264,299,0.00,0.00,0,0
1461826509,s3-eth3,11406.59,588849.19,600255.75,589438,11418,172.83,198.80,371.63,199,173,0.00,0.00,0,0
1461826509,s3-eth2,6065.93,295904.09,301970.03,296200,6072,91.91,99.90,191.81,100,92,0.00,0.00,0,0
1461826509,eth0,133.87,65.93,199.80,66,134,1.00,1.00,2.00,1,1,0.00,0.00,0,0
1461826509,eth1,0.00,0.00,0.00,0,0,0.00,0.00,0.00,0,0,0.00,0.00,0,0
1461826509,lo,0.00,0.00,0.00,0,0,0.00,0.00,0.00,0,0,0.00,0.00,0,0
1461826509,s1,0.00,0.00,0.00,0,0,0.00,0.00,0.00,0,0,0.00,0.00,0,0
1461826509,s4-eth1,588849.19,11406.59,600255.75,11418,589438,198.80,172.83,371.63,173,199,0.00,0.00,0,0
1461826509,s4-eth3,6461.54,331412.59,337874.12,331744,6468,97.90,111.89,209.79,112,98,0.00,0.00,0,0
1461826509,s4-eth2,4945.06,260395.61,265340.66,260656,4950,74.93,87.91,162.84,88,75,0.00,0.00,0,0
1461826509,s2,0.00,0.00,0.00,0,0,0.00,0.00,0.00,0,0,0.00,0.00,0,0
1461826509,s5-eth1,331412.59,6461.54,337874.12,6468,331744,111.89,97.90,209.79,98,112,0.00,0.00,0,0
1461826509,s5-eth2,6527.47,331412.59,337940.06,331744,6534,98.90,111.89,210.79,112,99,0.00,0.00,0,0
1461826509,total,4215746.50,4369416.50,8585163.00,4373786,4219962,2680.32,2730.27,5410.59,2733,2683,0.00,0.00,0,0
1461826510,s3,0.00,0.00,0.00,0,0,0.00,0.00,0.00,0,0,0.00,0.00,0,0
1461826510,s1-eth1,1226361.62,32905.10,1259266.75,32938,1227588,433.57,432.57,866.13,433,434,0.00,0.00,0,0
1461826510,s1-eth3,29138.86,1067640.38,1096779.25,1068708,29168,385.61,461.54,847.15,462,386,0.00,0.00,0,0
1461826510,s1-eth2,3832.17,157426.58,161258.75,157584,3836,47.95,83.92,131.87,84,48,0.00,0.00,0,0
1461826510,s4,0.00,0.00,0.00,0,0,0.00,0.00,0.00,0,0,0.00,0.00,0,0
1461826510,s2-eth1,1067640.38,29138.86,1096779.25,29168,1068708,461.54,385.61,847.15,386,462,0.00,0.00,0,0
1461826510,s2-eth3,22057.94,850571.44,872629.38,851422,22080,299.70,350.65,650.35,351,300,0.00,0.00,0,0
1461826510,s2-eth2,6987.01,199314.69,206301.70,199514,6994,84.92,104.90,189.81,105,85,0.00,0.00,0,0
1461826510,s5,0.00,0.00,0.00,0,0,0.00,0.00,0.00,0,0,0.00,0.00,0,0
1461826510,s3-eth1,850571.44,22057.94,872629.38,22080,851422,350.65,299.70,650.35,300,351,0.00,0.00,0,0
1461826510,s3-eth3,14051.95,591288.75,605340.69,591880,14066,196.80,235.76,432.57,236,197,0.00,0.00,0,0
1461826510,s3-eth2,7920.08,262241.75,270161.84,262504,7928,101.90,115.88,217.78,116,102,0.00,0.00,0,0
1461826510,eth0,133.87,65.93,199.80,66,134,1.00,1.00,2.00,1,1,0.00,0.00,0,0
1461826510,eth1,0.00,0.00,0.00,0,0,0.00,0.00,0.00,0,0,0.00,0.00,0,0
1461826510,lo,0.00,0.00,0.00,0,0,0.00,0.00,0.00,0,0,0.00,0.00,0,0
1461826510,s1,0.00,0.00,0.00,0,0,0.00,0.00,0.00,0,0,0.00,0.00,0,0
1461826510,s4-eth1,591288.75,14051.95,605340.69,14066,591880,235.76,196.80,432.57,197,236,0.00,0.00,0,0
1461826510,s4-eth3,7770.23,309322.69,317092.91,309632,7778,106.89,127.87,234.77,128,107,0.00,0.00,0,0
1461826510,s4-eth2,6281.72,280519.50,286801.22,280800,6288,89.91,107.89,197.80,108,90,0.00,0.00,0,0
1461826510,s2,0.00,0.00,0.00,0,0,0.00,0.00,0.00,0,0,0.00,0.00,0,0
1461826510,s5-eth1,309322.69,7770.23,317092.91,7778,309632,127.87,106.89,234.77,107,128,0.00,0.00,0,0
1461826510,s5-eth2,7770.23,309322.69,317092.91,309632,7778,106.89,127.87,234.77,128,107,0.00,0.00,0,0
1461826510,total,4151129.00,4133638.50,8284767.50,4137772,4155280,3030.97,3138.86,6169.83,3142,3034,0.00,0.00,0,0
1461826511,s3,0.00,0.00,0.00,0,0,0.00,0.00,0.00,0,0,0.00,0.00,0,0
1461826511,s1-eth1,1170834.00,64566.00,1235400.00,64566,1170834,693.00,693.00,1386.00,693,693,0.00,0.00,0,0
1461826511,s1-eth3,59780.00,1099948.00,1159728.00,1099948,59780,642.00,694.00,1336.00,694,642,0.00,0.00,0,0
1461826511,s1-eth2,4700.00,152056.00,156756.00,152056,4700,50.00,88.00,138.00,88,50,0.00,0.00,0,0
1461826511,s4,0.00,0.00,0.00,0,0,0.00,0.00,0.00,0,0,0.00,0.00,0,0
1461826511,s2-eth1,1099948.00,59780.00,1159728.00,59780,1099948,694.00,642.00,1336.00,642,694,0.00,0.00,0,0
1461826511,s2-eth3,49252.00,922876.00,972128.00,922876,49252,530.00,578.00,1108.00,578,530,0.00,0.00,0,0
1461826511,s2-eth2,10528.00,178586.00,189114.00,178586,10528,112.00,117.00,229.00,117,112,0.00,0.00,0,0
1461826511,s5,0.00,0.00,0.00,0,0,0.00,0.00,0.00,0,0,0.00,0.00,0,0
1461826511,s3-eth1,922876.00,49252.00,972128.00,49252,922876,578.00,530.00,1108.00,530,578,0.00,0.00,0,0
1461826511,s3-eth3,35332.00,636074.00,671406.00,636074,35332,382.00,401.00,783.00,401,382,0.00,0.00,0,0
1461826511,s3-eth2,14006.00,285420.00,299426.00,285420,14006,149.00,178.00,327.00,178,149,0.00,0.00,0,0
1461826511,eth0,134.00,66.00,200.00,66,134,1.00,1.00,2.00,1,1,0.00,0.00,0,0
1461826511,eth1,90.00,90.00,180.00,90,90,1.00,1.00,2.00,1,1,0.00,0.00,0,0
1461826511,lo,0.00,0.00,0.00,0,0,0.00,0.00,0.00,0,0,0.00,0.00,0,0
1461826511,s1,0.00,0.00,0.00,0,0,0.00,0.00,0.00,0,0,0.00,0.00,0,0
1461826511,s4-eth1,636074.00,35332.00,671406.00,35332,636074,401.00,382.00,783.00,382,401,0.00,0.00,0,0
1461826511,s4-eth3,17050.00,308064.00,325114.00,308064,17050,183.00,192.00,375.00,192,183,0.00,0.00,0,0
1461826511,s4-eth2,18196.00,326496.00,344692.00,326496,18196,198.00,208.00,406.00,208,198,0.00,0.00,0,0
1461826511,s2,0.00,0.00,0.00,0,0,0.00,0.00,0.00,0,0,0.00,0.00,0,0
1461826511,s5-eth1,308064.00,17050.00,325114.00,17050,308064,192.00,183.00,375.00,183,192,0.00,0.00,0,0
1461826511,s5-eth2,17050.00,308064.00,325114.00,308064,17050,183.00,192.00,375.00,192,183,0.00,0.00,0,0
1461826511,total,4363914.00,4443720.00,8807634.00,4443720,4363914,4989.00,5080.00,10069.00,5080,4989,0.00,0.00,0,0
1461826512,s3,0.00,0.00,0.00,0,0,0.00,0.00,0.00,0,0,0.00,0.00,0,0
1461826512,s1-eth1,1240594.00,46316.00,1286910.00,46316,1240594,653.00,600.00,1253.00,600,653,0.00,0.00,0,0
1461826512,s1-eth3,35062.00,976292.00,1011354.00,976292,35062,467.00,422.00,889.00,422,467,0.00,0.00,0,0
1461826512,s1-eth2,11274.00,286402.00,297676.00,286402,11274,133.00,149.00,282.00,149,133,0.00,0.00,0,0
1461826512,s4,0.00,0.00,0.00,0,0,0.00,0.00,0.00,0,0,0.00,0.00,0,0
1461826512,s2-eth1,976292.00,35062.00,1011354.00,35062,976292,422.00,467.00,889.00,467,422,0.00,0.00,0,0
1461826512,s2-eth3,27962.00,826278.00,854240.00,826278,27962,379.00,343.00,722.00,343,379,0.00,0.00,0,0
1461826512,s2-eth2,7194.00,148500.00,155694.00,148500,7194,89.00,78.00,167.00,78,89,0.00,0.00,0,0
1461826512,s5,0.00,0.00,0.00,0,0,0.00,0.00,0.00,0,0,0.00,0.00,0,0
1461826512,s3-eth1,826278.00,27962.00,854240.00,27962,826278,343.00,379.00,722.00,379,343,0.00,0.00,0,0
1461826512,s3-eth3,16882.00,595366.00,612248.00,595366,16882,245.00,223.00,468.00,223,245,0.00,0.00,0,0
1461826512,s3-eth2,11014.00,226370.00,237384.00,226370,11014,133.00,117.00,250.00,117,133,0.00,0.00,0,0
1461826512,eth0,134.00,66.00,200.00,66,134,1.00,1.00,2.00,1,1,0.00,0.00,0,0
1461826512,eth1,90.00,90.00,180.00,90,90,1.00,1.00,2.00,1,1,0.00,0.00,0,0
1461826512,lo,0.00,0.00,0.00,0,0,0.00,0.00,0.00,0,0,0.00,0.00,0,0
1461826512,s1,0.00,0.00,0.00,0,0,0.00,0.00,0.00,0,0,0.00,0.00,0,0
1461826512,s4-eth1,595366.00,16882.00,612248.00,16882,595366,223.00,245.00,468.00,245,223,0.00,0.00,0,0
1461826512,s4-eth3,8616.00,368868.00,377484.00,368868,8616,130.00,126.00,256.00,126,130,0.00,0.00,0,0
1461826512,s4-eth2,8352.00,226498.00,234850.00,226498,8352,116.00,97.00,213.00,97,116,0.00,0.00,0,0
1461826512,s2,0.00,0.00,0.00,0,0,0.00,0.00,0.00,0,0,0.00,0.00,0,0
1461826512,s5-eth1,368868.00,8616.00,377484.00,8616,368868,126.00,130.00,256.00,130,126,0.00,0.00,0,0
1461826512,s5-eth2,8616.00,368868.00,377484.00,368868,8616,130.00,126.00,256.00,126,130,0.00,0.00,0,0
1461826512,total,4142594.00,4158436.00,8301030.00,4158436,4142594,3591.00,3504.00,7095.00,3504,3591,0.00,0.00,0,0
1461826513,s3,0.00,0.00,0.00,0,0,0.00,0.00,0.00,0,0,0.00,0.00,0,0
1461826513,s1-eth1,1211458.00,27060.00,1238518.00,27060,1211458,409.00,410.00,819.00,410,409,0.00,0.00,0,0
1461826513,s1-eth3,21450.00,977460.00,998910.00,977460,21450,325.00,330.00,655.00,330,325,0.00,0.00,0,0
1461826513,s1-eth2,5610.00,260656.00,266266.00,260656,5610,85.00,88.00,173.00,88,85,0.00,0.00,0,0
1461826513,s4,0.00,0.00,0.00,0,0,0.00,0.00,0.00,0,0,0.00,0.00,0,0
1461826513,s2-eth1,977460.00,21450.00,998910.00,21450,977460,330.00,325.00,655.00,325,330,0.00,0.00,0,0
1461826513,s2-eth3,18678.00,850094.00,868772.00,850094,18678,283.00,287.00,570.00,287,283,0.00,0.00,0,0
1461826513,s2-eth2,2772.00,127366.00,130138.00,127366,2772,42.00,43.00,85.00,43,42,0.00,0.00,0,0
1461826513,s5,0.00,0.00,0.00,0,0,0.00,0.00,0.00,0,0,0.00,0.00,0,0
1461826513,s3-eth1,850094.00,18678.00,868772.00,18678,850094,287.00,283.00,570.00,283,287,0.00,0.00,0,0
1461826513,s3-eth3,13926.00,630906.00,644832.00,630906,13926,211.00,213.00,424.00,213,211,0.00,0.00,0,0
1461826513,s3-eth2,4752.00,219188.00,223940.00,219188,4752,72.00,74.00,146.00,74,72,0.00,0.00,0,0
1461826513,eth0,134.00,66.00,200.00,66,134,1.00,1.00,2.00,1,1,0.00,0.00,0,0
1461826513,eth1,0.00,0.00,0.00,0,0,0.00,0.00,0.00,0,0,0.00,0.00,0,0
1461826513,lo,860.00,860.00,1720.00,860,860,15.00,15.00,30.00,15,15,0.00,0.00,0,0
1461826513,s1,0.00,0.00,0.00,0,0,0.00,0.00,0.00,0,0,0.00,0.00,0,0
1461826513,s4-eth1,630906.00,13926.00,644832.00,13926,630906,213.00,211.00,424.00,211,213,0.00,0.00,0,0
1461826513,s4-eth3,8712.00,396908.00,405620.00,396908,8712,132.00,134.00,266.00,134,132,0.00,0.00,0,0
1461826513,s4-eth2,5214.00,233998.00,239212.00,233998,5214,79.00,79.00,158.00,79,79,0.00,0.00,0,0
1461826513,s2,0.00,0.00,0.00,0,0,0.00,0.00,0.00,0,0,0.00,0.00,0,0
1461826513,s5-eth1,396908.00,8712.00,405620.00,8712,396908,134.00,132.00,266.00,132,134,0.00,0.00,0,0
1461826513,s5-eth2,8712.00,396908.00,405620.00,396908,8712,132.00,134.00,266.00,134,132,0.00,0.00,0,0
1461826513,total,4157646.00,4184236.00,8341882.00,4184236,4157646,2750.00,2759.00,5509.00,2759,2750,0.00,0.00,0,0
1461826514,s3,0.00,0.00,0.00,0,0,0.00,0.00,0.00,0,0,0.00,0.00,0,0
1461826514,s1-eth1,1205600.00,26796.00,1232396.00,26796,1205600,408.00,406.00,814.00,406,408,0.00,0.00,0,0
1461826514,s1-eth3,21054.00,944878.00,965932.00,944878,21054,319.00,319.00,638.00,319,319,0.00,0.00,0,0
1461826514,s1-eth2,5808.00,257760.00,263568.00,257760,5808,88.00,88.00,176.00,88,88,0.00,0.00,0,0
1461826514,s4,0.00,0.00,0.00,0,0,0.00,0.00,0.00,0,0,0.00,0.00,0,0
1461826514,s2-eth1,944878.00,21054.00,965932.00,21054,944878,319.00,319.00,638.00,319,319,0.00,0.00,0,0
1461826514,s2-eth3,17886.00,802702.00,820588.00,802702,17886,271.00,271.00,542.00,271,271,0.00,0.00,0,0
1461826514,s2-eth2,3168.00,142176.00,145344.00,142176,3168,48.00,48.00,96.00,48,48,0.00,0.00,0,0
1461826514,s5,0.00,0.00,0.00,0,0,0.00,0.00,0.00,0,0,0.00,0.00,0,0
1461826514,s3-eth1,802702.00,17886.00,820588.00,17886,802702,271.00,271.00,542.00,271,271,0.00,0.00,0,0
1461826514,s3-eth3,12474.00,559818.00,572292.00,559818,12474,189.00,189.00,378.00,189,189,0.00,0.00,0,0
1461826514,s3-eth2,5478.00,242884.00,248362.00,242884,5478,83.00,82.00,165.00,82,83,0.00,0.00,0,0
1461826514,eth0,142.00,66.00,208.00,66,142,1.00,1.00,2.00,1,1,0.00,0.00,0,0
1461826514,eth1,90.00,90.00,180.00,90,90,1.00,1.00,2.00,1,1,0.00,0.00,0,0
1461826514,lo,0.00,0.00,0.00,0,0,0.00,0.00,0.00,0,0,0.00,0.00,0,0
1461826514,s1,0.00,0.00,0.00,0,0,0.00,0.00,0.00,0,0,0.00,0.00,0,0
1461826514,s4-eth1,559818.00,12474.00,572292.00,12474,559818,189.00,189.00,378.00,189,189,0.00,0.00,0,0
1461826514,s4-eth3,7920.00,352478.00,360398.00,352478,7920,120.00,119.00,239.00,119,120,0.00,0.00,0,0
1461826514,s4-eth2,4554.00,207340.00,211894.00,207340,4554,69.00,70.00,139.00,70,69,0.00,0.00,0,0
1461826514,s2,0.00,0.00,0.00,0,0,0.00,0.00,0.00,0,0,0.00,0.00,0,0
1461826514,s5-eth1,352478.00,7920.00,360398.00,7920,352478,119.00,120.00,239.00,120,119,0.00,0.00,0,0
1461826514,s5-eth2,7920.00,355440.00,363360.00,355440,7920,120.00,120.00,240.00,120,120,0.00,0.00,0,0
1461826514,total,3951970.00,3951762.00,7903732.00,3951762,3951970,2615.00,2613.00,5228.00,2613,2615,0.00,0.00,0,0
1461826515,s3,0.00,0.00,0.00,0,0,0.00,0.00,0.00,0,0,0.00,0.00,0,0
1461826515,s1-eth1,1220344.00,27258.00,1247602.00,27258,1220344,412.00,413.00,825.00,413,412,0.00,0.00,0,0
1461826515,s1-eth3,20922.00,935992.00,956914.00,935992,20922,317.00,316.00,633.00,316,317,0.00,0.00,0,0
1461826515,s1-eth2,6270.00,284352.00,290622.00,284352,6270,95.00,96.00,191.00,96,95,0.00,0.00,0,0
1461826515,s4,0.00,0.00,0.00,0,0,0.00,0.00,0.00,0,0,0.00,0.00,0,0
1461826515,s2-eth1,935992.00,20922.00,956914.00,20922,935992,316.00,317.00,633.00,317,316,0.00,0.00,0,0
1461826515,s2-eth3,17952.00,808626.00,826578.00,808626,17952,272.00,273.00,545.00,273,272,0.00,0.00,0,0
1461826515,s2-eth2,2970.00,130328.00,133298.00,130328,2970,45.00,44.00,89.00,44,45,0.00,0.00,0,0
1461826515,s5,0.00,0.00,0.00,0,0,0.00,0.00,0.00,0,0,0.00,0.00,0,0
1461826515,s3-eth1,808626.00,17952.00,826578.00,17952,808626,273.00,272.00,545.00,272,273,0.00,0.00,0,0
1461826515,s3-eth3,13134.00,592400.00,605534.00,592400,13134,199.00,200.00,399.00,200,199,0.00,0.00,0,0
1461826515,s3-eth2,4818.00,219188.00,224006.00,219188,4818,73.00,74.00,147.00,74,73,0.00,0.00,0,0
1461826515,eth0,0.00,0.00,0.00,0,0,0.00,0.00,0.00,0,0,0.00,0.00,0,0
1461826515,eth1,0.00,0.00,0.00,0,0,0.00,0.00,0.00,0,0,0.00,0.00,0,0
1461826515,lo,0.00,0.00,0.00,0,0,0.00,0.00,0.00,0,0,0.00,0.00,0