1461826448,s3,0.00,0.00,0.00,0,0,0.00,0.00,0.00,0,0,0.00,0.00,0,0
1461826448,s1-eth1,0.00,0.00,0.00,0,0,0.00,0.00,0.00,0,0,0.00,0.00,0,0
1461826448,s1-eth3,0.00,0.00,0.00,0,0,0.00,0.00,0.00,0,0,0.00,0.00,0,0
1461826448,s1-eth2,0.00,0.00,0.00,0,0,0.00,0.00,0.00,0,0,0.00,0.00,0,0
1461826448,s4,0.00,0.00,0.00,0,0,0.00,0.00,0.00,0,0,0.00,0.00,0,0
1461826448,s2-eth1,0.00,0.00,0.00,0,0,0.00,0.00,0.00,0,0,0.00,0.00,0,0
1461826448,s2-eth3,0.00,0.00,0.00,0,0,0.00,0.00,0.00,0,0,0.00,0.00,0,0
1461826448,s2-eth2,0.00,0.00,0.00,0,0,0.00,0.00,0.00,0,0,0.00,0.00,0,0
1461826448,s3-eth1,0.00,0.00,0.00,0,0,0.00,0.00,0.00,0,0,0.00,0.00,0,0
1461826448,s3-eth3,0.00,0.00,0.00,0,0,0.00,0.00,0.00,0,0,0.00,0.00,0,0
1461826448,s3-eth2,0.00,0.00,0.00,0,0,0.00,0.00,0.00,0,0,0.00,0.00,0,0
1461826448,eth0,0.00,0.00,0.00,0,0,0.00,0.00,0.00,0,0,0.00,0.00,0,0
1461826448,eth1,0.00,0.00,0.00,0,0,0.00,0.00,0.00,0,0,0.00,0.00,0,0
1461826448,lo,0.00,0.00,0.00,0,0,0.00,0.00,0.00,0,0,0.00,0.00,0,0
1461826448,s1,0.00,0.00,0.00,0,0,0.00,0.00,0.00,0,0,0.00,0.00,0,0
1461826448,s4-eth1,0.00,0.00,0.00,0,0,0.00,0.00,0.00,0,0,0.00,0.00,0,0
1461826448,s4-eth2,0.00,0.00,0.00,0,0,0.00,0.00,0.00,0,0,0.00,0.00,0,0
1461826448,s2,0.00,0.00,0.00,0,0,0.00,0.00,0.00,0,0,0.00,0.00,0,0
1461826448,total,0.00,0.00,0.00,0,0,0.00,0.00,0.00,0,0,0.00,0.00,0,0
1461826449,s3,0.00,0.00,0.00,0,0,0.00,0.00,0.00,0,0,0.00,0.00,0,0
1461826449,s1-eth1,1199610.00,26796.00,1226406.00,26796,1199610,405.00,406.00,811.00,406,405,0.00,0.00,0,0
1461826449,s1-eth3,20196.00,950802.00,970998.00,950802,20196,306.00,321.00,627.00,321,306,0.00,0.00,0,0
1461826449,s1-eth2,6534.00,308048.00,314582.00,308048,6534,99.00,104.00,203.00,104,99,0.00,0.00,0,0
1461826449,s4,0.00,0.00,0.00,0,0,0.00,0.00,0.00,0,0,0.00,0.00,0,0
1461826449,s2-eth1,950802.00,20196.00,970998.00,20196,950802,321.00,306.00,627.00,306,321,0.00,0.00,0,0
1461826449,s2-eth3,14652.00,687184.00,701836.00,687184,14652,222.00,232.00,454.00,232,222,0.00,0.00,0,0
1461826449,s2-eth2,5610.00,263618.00,269228.00,263618,5610,85.00,89.00,174.00,89,85,0.00,0.00,0,0
1461826449,s3-eth1,687184.00,14652.00,701836.00,14652,687184,232.00,222.00,454.00,222,232,0.00,0.00,0,0
1461826449,s3-eth3,8514.00,402832.00,411346.00,402832,8514,129.00,136.00,265.00,136,129,0.00,0.00,0,0
1461826449,s3-eth2,6072.00,284352.00,290424.00,284352,6072,92.00,96.00,188.00,96,92,0.00,0.00,0,0
1461826449,eth0,134.00,66.00,200.00,66,134,1.00,1.00,2.00,1,1,0.00,0.00,0,0
1461826449,eth1,0.00,90.00,90.00,90,0,0.00,1.00,1.00,1,0,0.00,0.00,0,0
1461826449,lo,0.00,0.00,0.00,0,0,0.00,0.00,0.00,0,0,0.00,0.00,0,0
1461826449,s1,0.00,0.00,0.00,0,0,0.00,0.00,0.00,0,0,0.00,0.00,0,0
1461826449,s4-eth1,402832.00,8514.00,411346.00,8514,402832,136.00,129.00,265.00,129,136,0.00,0.00,0,0
1461826449,s4-eth2,8580.00,402832.00,411412.00,402832,8580,130.00,136.00,266.00,136,130,0.00,0.00,0,0
1461826449,s2,0.00,0.00,0.00,0,0,0.00,0.00,0.00,0,0,0.00,0.00,0,0
1461826449,total,3310720.00,3369982.00,6680702.00,3369982,3310720,2158.00,2179.00,4337.00,2179,2158,0.00,0.00,0,0
1461826450,s3,0.00,0.00,0.00,0,0,0.00,0.00,0.00,0,0,0.00,0.00,0,0
1461826450,s1-eth1,1217382.00,27060.00,1244442.00,27060,1217382,411.00,410.00,821.00,410,411,0.00,0.00,0,0
1461826450,s1-eth3,20328.00,953764.00,974092.00,953764,20328,308.00,322.00,630.00,322,308,0.00,0.00,0,0
1461826450,s1-eth2,6798.00,319896.00,326694.00,319896,6798,103.00,108.00,211.00,108,103,0.00,0.00,0,0
1461826450,s4,0.00,0.00,0.00,0,0,0.00,0.00,0.00,0,0,0.00,0.00,0,0
1461826450,s2-eth1,953764.00,20328.00,974092.00,20328,953764,322.00,308.00,630.00,308,322,0.00,0.00,0,0
1461826450,s2-eth3,14652.00,690146.00,704798.00,690146,14652,222.00,233.00,455.00,233,222,0.00,0.00,0,0
1461826450,s2-eth2,5610.00,263618.00,269228.00,263618,5610,85.00,89.00,174.00,89,85,0.00,0.00,0,0
1461826450,s3-eth1,690146.00,14652.00,704798.00,14652,690146,233.00,222.00,455.00,222,233,0.00,0.00,0,0
1461826450,s3-eth3,8712.00,408756.00,417468.00,408756,8712,132.00,138.00,270.00,138,132,0.00,0.00,0,0
1461826450,s3-eth2,6006.00,281390.00,287396.00,281390,6006,91.00,95.00,186.00,95,91,0.00,0.00,0,0
1461826450,eth0,134.00,66.00,200.00,66,134,1.00,1.00,2.00,1,1,0.00,0.00,0,0
1461826450,eth1,150.00,150.00,300.00,150,150,2.00,2.00,4.00,2,2,0.00,0.00,0,0
1461826450,lo,0.00,0.00,0.00,0,0,0.00,0.00,0.00,0,0,0.00,0.00,0,0
1461826450,s1,0.00,0.00,0.00,0,0,0.00,0.00,0.00,0,0,0.00,0.00,0,0
1461826450,s4-eth1,408756.00,8712.00,417468.00,8712,408756,138.00,132.00,270.00,132,138,0.00,0.00,0,0
1461826450,s4-eth2,8712.00,408756.00,417468.00,408756,8712,132.00,138.00,270.00,138,132,0.00,0.00,0,0
1461826450,s2,0.00,0.00,0.00,0,0,0.00,0.00,0.00,0,0,0.00,0.00,0,0
1461826450,total,3341150.00,3397294.00,6738444.00,3397294,3341150,2180.00,2198.00,4378.00,2198,2180,0.00,0.00,0,0
1461826451,s3,0.00,0.00,0.00,0,0,0.00,0.00,0.00,0,0,0.00,0.00,0,0
1461826451,s1-eth1,1220344.00,27258.00,1247602.00,27258,1220344,412.00,413.00,825.00,413,412,0.00,0.00,0,0
1461826451,s1-eth3,20526.00,959688.00,980214.00,959688,20526,311.00,324.00,635.00,324,311,0.00,0.00,0,0
1461826451,s1-eth2,6666.00,311010.00,317676.00,311010,6666,101.00,105.00,206.00,105,101,0.00,0.00,0,0
1461826451,s4,0.00,0.00,0.00,0,0,0.00,0.00,0.00,0,0,0.00,0.00,0,0
1461826451,s2-eth1,959688.00,20526.00,980214.00,20526,959688,324.00,311.00,635.00,311,324,0.00,0.00,0,0
1461826451,s2-eth3,15114.00,701994.00,717108.00,701994,15114,229.00,237.00,466.00,237,229,0.00,0.00,0,0
1461826451,s2-eth2,5478.00,254732.00,260210.00,254732,5478,83.00,86.00,169.00,86,83,0.00,0.00,0,0
1461826451,s3-eth1,701994.00,15114.00,717108.00,15114,701994,237.00,229.00,466.00,229,237,0.00,0.00,0,0
1461826451,s3-eth3,9098.90,423142.88,432241.78,423566,9108,137.86,142.86,280.72,143,138,0.00,0.00,0,0
1461826451,s3-eth2,5934.07,278149.84,284083.94,278428,5940,89.91,93.91,183.82,94,90,0.00,0.00,0,0
1461826451,eth0,133.87,65.93,199.80,66,134,1.00,1.00,2.00,1,1,0.00,0.00,0,0
1461826451,eth1,90.00,90.00,180.00,90,90,1.00,1.00,2.00,1,1,0.00,0.00,0,0
1461826451,lo,0.00,0.00,0.00,0,0,0.00,0.00,0.00,0,0,0.00,0.00,0,0
1461826451,s1,0.00,0.00,0.00,0,0,0.00,0.00,0.00,0,0,0.00,0.00,0,0
1461826451,s4-eth1,423566.00,9108.00,432674.00,9108,423566,143.00,138.00,281.00,138,143,0.00,0.00,0,0
1461826451,s4-eth2,9108.00,426528.00,435636.00,426528,9108,138.00,144.00,282.00,144,138,0.00,0.00,0,0
1461826451,s2,0.00,0.00,0.00,0,0,0.00,0.00,0.00,0,0,0.00,0.00,0,0
1461826451,total,3374381.75,3424683.50,6799065.00,3428108,3377756,2205.79,2223.78,4429.57,2226,2208,0.00,0.00,0,0
1461826452,s3,0.00,0.00,0.00,0,0,0.00,0.00,0.00,0,0,0.00,0.00,0,0
1461826452,s1-eth1,1193686.00,26532.00,1220218.00,26532,1193686,403.00,402.00,805.00,402,403,0.00,0.00,0,0
1461826452,s1-eth3,20322.00,947966.00,968288.00,947966,20322,309.00,323.00,632.00,323,309,0.00,0.00,0,0
1461826452,s1-eth2,6528.00,302250.00,308778.00,302250,6528,100.00,105.00,205.00,105,100,0.00,0.00,0,0
1461826452,s4,0.00,0.00,0.00,0,0,0.00,0.00,0.00,0,0,0.00,0.00,0,0
1461826452,s2-eth1,947966.00,20322.00,968288.00,20322,947966,323.00,309.00,632.00,309,323,0.00,0.00,0,0
1461826452,s2-eth3,14622.00,681428.00,696050.00,681428,14622,223.00,234.00,457.00,234,223,0.00,0.00,0,0
1461826452,s2-eth2,5802.00,266706.00,272508.00,266706,5802,89.00,93.00,182.00,93,89,0.00,0.00,0,0
1461826452,s3-eth1,681428.00,14622.00,696050.00,14622,681428,234.00,223.00,457.00,223,234,0.00,0.00,0,0
1461826452,s3-eth3,8442.00,391110.00,399552.00,391110,8442,129.00,135.00,264.00,135,129,0.00,0.00,0,0
1461826452,s3-eth2,6330.00,290402.00,296732.00,290402,6330,97.00,101.00,198.00,101,97,0.00,0.00,0,0
1461826452,eth0,134.00,66.00,200.00,66,134,1.00,1.00,2.00,1,1,0.00,0.00,0,0
1461826452,eth1,0.00,0.00,0.00,0,0,0.00,0.00,0.00,0,0,0.00,0.00,0,0
1461826452,lo,8744.00,8744.00,17488.00,8744,8744,82.00,82.00,164.00,82,82,0.00,0.00,0,0
1461826452,s1,0.00,0.00,0.00,0,0,0.00,0.00,0.00,0,0,0.00,0.00,0,0
1461826452,s4-eth1,391110.00,8442.00,399552.00,8442,391110,135.00,129.00,264.00,129,135,0.00,0.00,0,0
1461826452,s4-eth2,8376.00,388148.00,396524.00,388148,8376,128.00,134.00,262.00,134,128,0.00,0.00,0,0
1461826452,s2,0.00,0.00,0.00,0,0,0.00,0.00,0.00,0,0,0.00,0.00,0,0
1461826452,total,3293490.00,3346738.00,6640228.00,3346738,3293490,2253.00,2271.00,4524.00,2271,2253,0.00,0.00,0,0
1461826453,s3,0.00,0.00,0.00,0,0,0.00,0.00,0.00,0,0,0.00,0.00,0,0
1461826453,s1-eth1,1172952.00,26202.00,1199154.00,26202,1172952,396.00,397.00,793.00,397,396,0.00,0.00,0,0
1461826453,s1-eth3,19602.00,956726.00,976328.00,956726,19602,297.00,323.00,620.00,323,297,0.00,0.00,0,0
1461826453,s1-eth2,6600.00,319896.00,326496.00,319896,6600,100.00,108.00,208.00,108,100,0.00,0.00,0,0
1461826453,s4,0.00,0.00,0.00,0,0,0.00,0.00,0.00,0,0,0.00,0.00,0,0
1461826453,s2-eth1,956726.00,19602.00,976328.00,19602,956726,323.00,297.00,620.00,297,323,0.00,0.00,0,0
1461826453,s2-eth3,14322.00,690146.00,704468.00,690146,14322,217.00,233.00,450.00,233,217,0.00,0.00,0,0
1461826453,s2-eth2,5280.00,269542.00,274822.00,269542,5280,80.00,91.00,171.00,91,80,0.00,0.00,0,0
1461826453,s3-eth1,690146.00,14322.00,704468.00,14322,690146,233.00,217.00,450.00,217,233,0.00,0.00,0,0
1461826453,s3-eth3,8580.00,402832.00,411412.00,402832,8580,130.00,136.00,266.00,136,130,0.00,0.00,0,0
1461826453,s3-eth2,5742.00,287314.00,293056.00,287314,5742,87.00,97.00,184.00,97,87,0.00,0.00,0,0
1461826453,eth0,134.00,66.00,200.00,66,134,1.00,1.00,2.00,1,1,0.00,0.00,0,0
1461826453,eth1,0.00,0.00,0.00,0,0,0.00,0.00,0.00,0,0,0.00,0.00,0,0
1461826453,lo,0.00,0.00,0.00,0,0,0.00,0.00,0.00,0,0,0.00,0.00,0,0
1461826453,s1,0.00,0.00,0.00,0,0,0.00,0.00,0.00,0,0,0.00,0.00,0,0
1461826453,s4-eth1,402832.00,8580.00,411412.00,8580,402832,136.00,130.00,266.00,130,136,0.00,0.00,0,0
1461826453,s4-eth2,8580.00,402832.00,411412.00,402832,8580,130.00,136.00,266.00,136,130,0.00,0.00,0,0
1461826453,s2,0.00,0.00,0.00,0,0,0.00,0.00,0.00,0,0,0.00,0.00,0,0
1461826453,total,3291496.00,3398060.00,6689556.00,3398060,3291496,2130.00,2166.00,4296.00,2166,2130,0.00,0.00,0,0
1461826454,s3,0.00,0.00,0.00,0,0,0.00,0.00,0.00,0,0,0.00,0.00,0,0
1461826454,s1-eth1,1223636.00,30516.00,1254152.00,30516,1223636,418.00,418.00,836.00,418,418,0.00,0.00,0,0
1461826454,s1-eth3,23862.00,953842.00,977704.00,953842,23862,333.00,389.00,722.00,389,333,0.00,0.00,0,0
1461826454,s1-eth2,6576.00,278106.00,284682.00,278106,6576,84.00,133.00,217.00,133,84,0.00,0.00,0,0
1461826454,s4,0.00,0.00,0.00,0,0,0.00,0.00,0.00,0,0,0.00,0.00,0,0
1461826454,s2-eth1,953842.00,23862.00,977704.00,23862,953842,389.00,333.00,722.00,333,389,0.00,0.00,0,0
1461826454,s2-eth3,16518.00,669420.00,685938.00,669420,16518,235.00,270.00,505.00,270,235,0.00,0.00,0,0
1461826454,s2-eth2,7324.00,281460.00,288784.00,281460,7324,98.00,118.00,216.00,118,98,0.00,0.00,0,0
1461826454,s3-eth1,669420.00,16518.00,685938.00,16518,669420,270.00,235.00,505.00,235,270,0.00,0.00,0,0
1461826454,s3-eth3,9114.00,397898.00,407012.00,397898,9114,133.00,149.00,282.00,149,133,0.00,0.00,0,0
1461826454,s3-eth2,7404.00,274484.00,281888.00,274484,7404,102.00,122.00,224.00,122,102,0.00,0.00,0,0
1461826454,eth0,134.00,66.00,200.00,66,134,1.00,1.00,2.00,1,1,0.00,0.00,0,0
1461826454,eth1,0.00,0.00,0.00,0,0,0.00,0.00,0.00,0,0,0.00,0.00,0,0
1461826454,lo,0.00,0.00,0.00,0,0,0.00,0.00,0.00,0,0,0.00,0.00,0,0
1461826454,s1,0.00,0.00,0.00,0,0,0.00,0.00,0.00,0,0,0.00,0.00,0,0
1461826454,s4-eth1,397898.00,9114.00,407012.00,9114,397898,149.00,133.00,282.00,133,149,0.00,0.00,0,0
1461826454,s4-eth2,9102.00,397898.00,407000.00,397898,9102,133.00,149.00,282.00,149,133,0.00,0.00,0,0
1461826454,s2,0.00,0.00,0.00,0,0,0.00,0.00,0.00,0,0,0.00,0.00,0,0
1461826454,total,3324830.00,3333184.00,6658014.00,3333184,3324830,2345.00,2450.00,4795.00,2450,2345,0.00,0.00,0,0
1461826455,s3,0.00,0.00,0.00,0,0,0.00,0.00,0.00,0,0,0.00,0.00,0,0
1461826455,s1-eth1,1240214.00,63178.00,1303392.00,63178,1240214,735.00,715.00,1450.00,715,735,0.00,0.00,0,0
1461826455,s1-eth3,51664.00,1042870.00,1094534.00,1042870,51664,592.00,619.00,1211.00,619,592,0.00,0.00,0,0
1461826455,s1-eth2,11460.00,191948.00,203408.00,191948,11460,122.00,122.00,244.00,122,122,0.00,0.00,0,0
1461826455,s4,0.00,0.00,0.00,0,0,0.00,0.00,0.00,0,0,0.00,0.00,0,0
1461826455,s2-eth1,1042870.00,51664.00,1094534.00,51664,1042870,619.00,592.00,1211.00,592,619,0.00,0.00,0,0
1461826455,s2-eth3,34240.00,678396.00,712636.00,678396,34240,396.00,406.00,802.00,406,396,0.00,0.00,0,0
1461826455,s2-eth2,17510.00,367436.00,384946.00,367436,17510,197.00,214.00,411.00,214,197,0.00,0.00,0,0
1461826455,s3-eth1,678396.00,34240.00,712636.00,34240,678396,406.00,396.00,802.00,396,406,0.00,0.00,0,0
1461826455,s3-eth3,19444.00,395938.00,415382.00,395938,19444,226.00,229.00,455.00,229,226,0.00,0.00,0,0
1461826455,s3-eth2,14730.00,279496.00,294226.00,279496,14730,169.00,176.00,345.00,176,169,0.00,0.00,0,0
1461826455,eth0,134.00,66.00,200.00,66,134,1.00,1.00,2.00,1,1,0.00,0.00,0,0
1461826455,eth1,0.00,0.00,0.00,0,0,0.00,0.00,0.00,0,0,0.00,0.00,0,0
1461826455,lo,0.00,0.00,0.00,0,0,0.00,0.00,0.00,0,0,0.00,0.00,0,0
1461826455,s1,0.00,0.00,0.00,0,0,0.00,0.00,0.00,0,0,0.00,0.00,0,0
1461826455,s4-eth1,395938.00,19444.00,415382.00,19444,395938,229.00,226.00,455.00,226,229,0.00,0.00,0,0
1461826455,s4-eth2,19456.00,395938.00,415394.00,395938,19456,226.00,229.00,455.00,229,226,0.00,0.00,0,0
1461826455,s2,0.00,0.00,0.00,0,0,0.00,0.00,0.00,0,0,0.00,0.00,0,0
1461826455,total,3526056.00,3520614.00,7046670.00,3520614,3526056,3918.00,3925.00,7843.00,3925,3918,0.00,0.00,0,0
1461826456,s3,0.00,0.00,0.00,0,0,0.00,0.00,0.00,0,0,0.00,0.00,0,0
1461826456,s1-eth1,1132940.00,27196.00,1160136.00,27196,1132940,426.00,410.00,836.00,410,426,0.00,0.00,0,0
1461826456,s1-eth3,21780.00,953764.00,975544.00,953764,21780,330.00,322.00,652.00,322,330,0.00,0.00,0,0
1461826456,s1-eth2,5482.00,267108.00,272590.00,267108,5482,81.00,98.00,179.00,98,81,0.00,0.00,0,0
1461826456,s4,0.00,0.00,0.00,0,0,0.00,0.00,0.00,0,0,0.00,0.00,0,0
1461826456,s2-eth1,953764.00,21780.00,975544.00,21780,953764,322.00,330.00,652.00,330,322,0.00,0.00,0,0
1461826456,s2-eth3,13926.00,622020.00,635946.00,622020,13926,211.00,210.00,421.00,210,211,0.00,0.00,0,0
1461826456,s2-eth2,7854.00,334706.00,342560.00,334706,7854,119.00,113.00,232.00,113,119,0.00,0.00,0,0
1461826456,s3-eth1,622020.00,13926.00,635946.00,13926,622020,210.00,211.00,421.00,211,210,0.00,0.00,0,0
1461826456,s3-eth3,9240.00,405794.00,415034.00,405794,9240,140.00,137.00,277.00,137,140,0.00,0.00,0,0
1461826456,s3-eth2,4686.00,219188.00,223874.00,219188,4686,71.00,74.00,145.00,74,71,0.00,0.00,0,0
1461826456,eth0,134.00,66.00,200.00,66,134,1.00,1.00,2.00,1,1,0.00,0.00,0,0
1461826456,eth1,0.00,0.00,0.00,0,0,0.00,0.00,0.00,0,0,0.00,0.00,0,0
1461826456,lo,0.00,0.00,0.00,0,0,0.00,0.00,0.00,0,0,0.00,0.00,0,0
1461826456,s1,0.00,0.00,0.00,0,0,0.00,0.00,0.00,0,0,0.00,0.00,0,0
1461826456,s4-eth1,405794.00,9240.00,415034.00,9240,405794,137.00,140.00,277.00,140,137,0.00,0.00,0,0
1461826456,s4-eth2,9306.00,405794.00,415100.00,405794,9306,141.00,137.00,278.00,137,141,0.00,0.00,0,0
1461826456,s2,0.00,0.00,0.00,0,0,0.00,0.00,0.00,0,0,0.00,0.00,0,0
1461826456,total,3186926.00,3280582.00,6467508.00,3280582,3186926,2189.00,2183.00,4372.00,2183,2189,0.00,0.00,0,0
1461826457,s3,0.00,0.00,0.00,0,0,0.00,0.00,0.00,0,0,0.00,0.00,0,0
1461826457,s1-eth1,1223306.00,27258.00,1250564.00,27258,1223306,413.00,413.00,826.00,413,413,0.00,0.00,0,0
1461826457,s1-eth3,19866.00,912296.00,932162.00,912296,19866,301.00,308.00,609.00,308,301,0.00,0.00,0,0
1461826457,s1-eth2,7458.00,340630.00,348088.00,340630,7458,113.00,115.00,228.00,115,113,0.00,0.00,0,0
1461826457,s4,0.00,0.00,0.00,0,0,0.00,0.00,0.00,0,0,0.00,0.00,0,0
1461826457,s2-eth1,912296.00,19866.00,932162.00,19866,912296,308.00,301.00,609.00,301,308,0.00,0.00,0,0
1461826457,s2-eth3,13332.00,613134.00,626466.00,613134,13332,202.00,207.00,409.00,207,202,0.00,0.00,0,0
1461826457,s2-eth2,6534.00,296200.00,302734.00,296200,6534,99.00,100.00,199.00,100,99,0.00,0.00,0,0
1461826457,s3-eth1,613134.00,13332.00,626466.00,13332,613134,207.00,202.00,409.00,202,207,0.00,0.00,0,0
1461826457,s3-eth3,8580.00,390984.00,399564.00,390984,8580,130.00,132.00,262.00,132,130,0.00,0.00,0,0
1461826457,s3-eth2,4818.00,219188.00,224006.00,219188,4818,73.00,74.00,147.00,74,73,0.00,0.00,0,0
1461826457,eth0,134.00,66.00,200.00,66,134,1.00,1.00,2.00,1,1,0.00,0.00,0,0
1461826457,eth1,0.00,0.00,0.00,0,0,0.00,0.00,0.00,0,0,0.00,0.00,0,0
1461826457,lo,688.00,688.00,1376.00,688,688,12.00,12.00,24.00,12,12,0.00,0.00,0,0
1461826457,s1,0.00,0.00,0.00,0,0,0.00,0.00,0.00,0,0,0.00,0.00,0,0
1461826457,s4-eth1,390984.00,8580.00,399564.00,8580,390984,132.00,130.00,262.00,130,132,0.00,0.00,0,0
1461826457,s4-eth2,8580.00,390984.00,399564.00,390984,8580,130.00,132.00,262.00,132,130,0.00,0.00,0,0
1461826457,s2,0.00,0.00,0.00,0,0,0.00,0.00,0.00,0,0,0.00,0.00,0,0
1461826457,total,3209710.00,3233206.00,6442916.00,3233206,3209710,2121.00,2127.00,4248.00,2127,2121,0.00,0.00,0,0
1461826458,s3,0.00,0.00,0.00,0,0,0.00,0.00,0.00,0,0,0.00,0.00,0,0
1461826458,s1-eth1,1223306.00,27258.00,1250564.00,27258,1223306,413.00,413.00,826.00,413,413,0.00,0.00,0,0
1461826458,s1-eth3,19932.00,885638.00,905570.00,885638,19932,302.00,299.00,601.00,299,302,0.00,0.00,0,0
1461826458,s1-eth2,7326.00,331744.00,339070.00,331744,7326,111.00,112.00,223.00,112,111,0.00,0.00,0,0
1461826458,s4,0.00,0.00,0.00,0,0,0.00,0.00,0.00,0,0,0.00,0.00,0,0
1461826458,s2-eth1,885638.00,19932.00,905570.00,19932,885638,299.00,302.00,601.00,302,299,0.00,0.00,0,0
1461826458,s2-eth3,13398.00,598324.00,611722.00,598324,13398,203.00,202.00,405.00,202,203,0.00,0.00,0,0
1461826458,s2-eth2,6468.00,290276.00,296744.00,290276,6468,98.00,98.00,196.00,98,98,0.00,0.00,0,0
1461826458,s3-eth1,598324.00,13398.00,611722.00,13398,598324,202.00,203.00,405.00,203,202,0.00,0.00,0,0
1461826458,s3-eth3,8976.00,402832.00,411808.00,402832,8976,136.00,136.00,272.00,136,136,0.00,0.00,0,0
1461826458,s3-eth2,4422.00,198454.00,202876.00,198454,4422,67.00,67.00,134.00,67,67,0.00,0.00,0,0
1461826458,eth0,134.00,66.00,200.00,66,134,1.00,1.00,2.00,1,1,0.00,0.00,0,0
1461826458,eth1,0.00,0.00,0.00,0,0,0.00,0.00,0.00,0,0,0.00,0.00,0,0
1461826458,lo,0.00,0.00,0.00,0,0,0.00,0.00,0.00,0,0,0.00,0.00,0,0
1461826458,s1,0.00,0.00,0.00,0,0,0.00,0.00,0.00,0,0,0.00,0.00,0,0
1461826458,s4-eth1,402832.00,8976.00,411808.00,8976,402832,136.00,136.00,272.00,136,136,0.00,0.00,0,0
1461826458,s4-eth2,8976.00,402832.00,411808.00,402832,8976,136.00,136.00,272.00,136,136,0.00,0.00,0,0
1461826458,s2,0.00,0.00,0.00,0,0,0.00,0.00,0.00,0,0,0.00,0.00,0,0
1461826458,total,3179732.00,3179730.00,6359462.00,3179730,3179732,2104.00,2105.00,4209.00,2105,2104,0.00,0.00,0,0
1461826459,s3,0.00,0.00,0.00,0,0,0.00,0.00,0.00,0,0,0.00,0.00,0,0
1461826459,s1-eth1,1223306.00,27324.00,1250630.00,27324,1223306,413.00,414.00,827.00,414,413,0.00,0.00,0,0
1461826459,s1-eth3,20724.00,935992.00,956716.00,935992,20724,314.00,316.00,630.00,316,314,0.00,0.00,0,0
1461826459,s1-eth2,6534.00,293238.00,299772.00,293238,6534,99.00,99.00,198.00,99,99,0.00,0.00,0,0
1461826459,s4,0.00,0.00,0.00,0,0,0.00,0.00,0.00,0,0,0.00,0.00,0,0
1461826459,s2-eth1,935992.00,20724.00,956716.00,20724,935992,316.00,314.00,630.00,314,316,0.00,0.00,0,0
1461826459,s2-eth3,13662.00,622020.00,635682.00,622020,13662,207.00,210.00,417.00,210,207,0.00,0.00,0,0
1461826459,s2-eth2,7062.00,316934.00,323996.00,316934,7062,107.00,107.00,214.00,107,107,0.00,0.00,0,0
1461826459,s3-eth1,622020.00,13662.00,635682.00,13662,622020,210.00,207.00,417.00,207,210,0.00,0.00,0,0
1461826459,s3-eth3,9108.00,411718.00,420826.00,411718,9108,138.00,139.00,277.00,139,138,0.00,0.00,0,0
1461826459,s3-eth2,4554.00,207340.00,211894.00,207340,4554,69.00,70.00,139.00,70,69,0.00,0.00,0,0
1461826459,eth0,134.00,66.00,200.00,66,134,1.00,1.00,2.00,1,1,0.00,0.00,0,0
1461826459,eth1,0.00,0.00,0.00,0,0,0.00,0.00,0.00,0,0,0.00,0.00,0,0
1461826459,lo,0.00,0.00,0.00,0,0,0.00,0.00,0.00,0,0,0.00,0.00,0,0
1461826459,s1,0.00,0.00,0.00,0,0,0.00,0.00,0.00,0,0,0.00,0.00,0,0
1461826459,s4-eth1,411718.00,9108.00,420826.00,9108,411718,139.00,138.00,277.00,138,139,0.00,0.00,0,0
1461826459,s4-eth2,9108.00,411718.00,420826.00,411718,9108,138.00,139.00,277.00,139,138,0.00,0.00,0,0
1461826459,s2,0.00,0.00,0.00,0,0,0.00,0.00,0.00,0,0,0.00,0.00,0,0
1461826459,total,3263922.00,3269844.00,6533766.00,3269844,3263922,2151.00,2154.00,4305.00,2154,2151,0.00,0.00,0,0
1461826460,s3,0.00,0.00,0.00,0,0,0.00,0.00,0.00,0,0,0.00,0.00,0,0
1461826460,s1-eth1,1223306.00,27192.00,1250498.00,27192,1223306,413.00,412.00,825.00,412,413,0.00,0.00,0,0
1461826460,s1-eth3,20526.00,938954.00,959480.00,938954,20526,311.00,317.00,628.00,317,311,0.00,0.00,0,0
1461826460,s1-eth2,6732.00,305086.00,311818.00,305086,6732,102.00,103.00,205.00,103,102,0.00,0.00,0,0
1461826460,s4,0.00,0.00,0.00,0,0,0.00,0.00,0.00,0,0,0.00,0.00,0,0
1461826460,s2-eth1,938954.00,20526.00,959480.00,20526,938954,317.00,311.00,628.00,311,317,0.00,0.00,0,0
1461826460,s2-eth3,13596.00,616096.00,629692.00,616096,13596,206.00,208.00,414.00,208,206,0.00,0.00,0,0
1461826460,s2-eth2,6930.00,316934.00,323864.00,316934,6930,105.00,107.00,212.00,107,105,0.00,0.00,0,0
1461826460,s3-eth1,616096.00,13596.00,629692.00,13596,616096,208.00,206.00,414.00,206,208,0.00,0.00,0,0
1461826460,s3-eth3,8580.00,388022.00,396602.00,388022,8580,130.00,131.00,261.00,131,130,0.00,0.00,0,0
1461826460,s3-eth2,5016.00,228074.00,233090.00,228074,5016,76.00,77.00,153.00,77,76,0.00,0.00,0,0
1461826460,eth0,134.00,66.00,200.00,66,134,1.00,1.00,2.00,1,1,0.00,0.00,0,0
1461826460,eth1,0.00,0.00,0.00,0,0,0.00,0.00,0.00,0,0,0.00,0.00,0,0
1461826460,lo,0.00,0.00,0.00,0,0,0.00,0.00,0.00,0,0,0.00,0.00,0,0
1461826460,s1,0.00,0.00,0.00,0,0,0.00,0.00,0.00,0,0,0.00,0.00,0,0
1461826460,s4-eth1,388022.00,8580.00,396602.00,8580,388022,131.00,130.00,261.00,130,131,0.00,0.00,0,0
1461826460,s4-eth2,8580.00,388022.00,396602.00,388022,8580,130.00,131.00,261.00,131,130,0.00,0.00,0,0
1461826460,s2,0.00,0.00,0.00,0,0,0.00,0.00,0.00,0,0,0.00,0.00,0,0
1461826460,total,3236472.00,3251148.00,6487620.00,3251148,3236472,2130.00,2134.00,4264.00,2134,2130,0.00,0.00,0,0
1461826461,s3,0.00,0.00,0.00,0,0,0.00,0.00,0.00,0,0,0.00,0.00,0,0
1461826461,s1-eth1,1220344.00,27192.00,1247536.00,27192,1220344,412.00,412.00,824.00,412,412,0.00,0.00,0,0
1461826461,s1-eth3,20328.00,935992.00,956320.00,935992,20328,308.00,316.00,624.00,316,308,0.00,0.00,0,0
1461826461,s1-eth2,6864.00,313972.00,320836.00,313972,6864,104.00,106.00,210.00,106,104,0.00,0.00,0,0
1461826461,s4,0.00,0.00,0.00,0,0,0.00,0.00,0.00,0,0,0.00,0.00,0,0
1461826461,s2-eth1,935992.00,20328.00,956320.00,20328,935992,316.00,308.00,624.00,308,316,0.00,0.00,0,0
1461826461,s2-eth3,13596.00,627944.00,641540.00,627944,13596,206.00,212.00,418.00,212,206,0.00,0.00,0,0
1461826461,s2-eth2,6732.00,311010.00,317742.00,311010,6732,102.00,105.00,207.00,105,102,0.00,0.00,0,0
1461826461,s3-eth1,627944.00,13596.00,641540.00,13596,627944,212.00,206.00,418.00,206,212,0.00,0.00,0,0
1461826461,s3-eth3,8580.00,390984.00,399564.00,390984,8580,130.00,132.00,262.00,132,130,0.00,0.00,0,0
1461826461,s3-eth2,5016.00,239922.00,244938.00,239922,5016,76.00,81.00,157.00,81,76,0.00,0.00,0,0
1461826461,eth0,134.00,66.00,200.00,66,134,1.00,1.00,2.00,1,1,0.00,0.00,0,0
1461826461,eth1,0.00,0.00,0.00,0,0,0.00,0.00,0.00,0,0,0.00,0.00,0,0
1461826461,lo,0.00,0.00,0.00,0,0,0.00,0.00,0.00,0,0,0.00,0.00,0,0
1461826461,s1,0.00,0.00,0.00,0,0,0.00,0.00,0.00,0,0,0.00,0.00,0,0
1461826461,s4-eth1,390984.00,8580.00,399564.00,8580,390984,132.00,130.00,262.00,130,132,0.00,0.00,0,0
1461826461,s4-eth2,8580.00,390984.00,399564.00,390984,8580,130.00,132.00,262.00,132,130,0.00,0.00,0,0
1461826461,s2,0.00,0.00,0.00,0,0,0.00,0.00,0.00,0,0,0.00,0.00,0,0
1461826461,total,3245094.00,3280570.00,6525664.00,3280570,3245094,2129.00,2141.00,4270.00,2141,2129,0.00,0.00,0,0
1461826462,s3,0.00,0.00,0.00,0,0,0.00,0.00,0.00,0,0,0.00,0.00,0,0
1461826462,s1-eth1,1156985.00,25780.22,1182765.25,25806,1158142,390.61,390.61,781.22,391,391,0.00,0.00,0,0
1461826462,s1-eth3,18659.34,887712.31,906371.62,888600,18678,282.72,299.70,582.42,300,283,0.00,0.00,0,0
1461826462,s1-eth2,7120.88,334371.62,341492.53,334706,7128,107.89,112.89,220.78,113,108,0.00,0.00,0,0
1461826462,s4,0.00,0.00,0.00,0,0,0.00,0.00,0.00,0,0,0.00,0.00,0,0
1461826462,s2-eth1,887712.31,18659.34,906371.62,18678,888600,299.70,282.72,582.42,283,300,0.00,0.00,0,0
1461826462,s2-eth3,12461.54,597726.31,610187.81,598324,12474,188.81,201.80,390.61,202,189,0.00,0.00,0,0
1461826462,s2-eth2,6263.74,292945.06,299208.81,293238,6270,94.91,98.90,193.81,99,95,0.00,0.00,0,0
1461826462,s3-eth1,597726.31,12461.54,610187.81,12474,598324,201.80,188.81,390.61,189,202,0.00,0.00,0,0
1461826462,s3-eth3,7384.62,346207.81,353592.41,346554,7392,111.89,116.88,228.77,117,112,0.00,0.00,0,0
1461826462,s3-eth2,5076.92,248559.45,253636.38,248808,5082,76.92,83.92,160.84,84,77,0.00,0.00,0,0
1461826462,eth0,133.87,65.93,199.80,66,134,1.00,1.00,2.00,1,1,0.00,0.00,0,0
1461826462,eth1,0.00,0.00,0.00,0,0,0.00,0.00,0.00,0,0,0.00,0.00,0,0
1461826462,lo,687.31,687.31,1374.63,688,688,11.99,11.99,23.98,12,12,0.00,0.00,0,0
1461826462,s1,0.00,0.00,0.00,0,0,0.00,0.00,0.00,0,0,0.00,0.00,0,0
1461826462,s4-eth1,346207.81,7384.62,353592.41,7392,346554,116.88,111.89,228.77,112,117,0.00,0.00,0,0
1461826462,s4-eth2,7384.62,346207.81,353592.41,346554,7392,111.89,116.88,228.77,117,112,0.00,0.00,0,0
1461826462,s2,0.00,0.00,0.00,0,0,0.00,0.00,0.00,0,0,0.00,0.00,0,0
1461826462,total,3053804.25,3118769.25,6172573.50,3121888,3056858,1997.00,2017.98,4014.99,2020,1999,0.00,0.00,0,0
1461826463,s3,0.00,0.00,0.00,0,0,0.00,0.00,0.00,0,0,0.00,0.00,0,0
1461826463,s1-eth1,1192493.50,26571.43,1219065.00,26598,1193686,402.60,402.60,805.19,403,403,0.00,0.00,0,0
1461826463,s1-eth3,20637.36,1017910.12,1038547.50,1018928,20658,312.69,343.66,656.34,344,313,0.00,0.00,0,0
1461826463,s1-eth2,5940.00,290276.00,296216.00,290276,5940,90.00,98.00,188.00,98,90,0.00,0.00,0,0
1461826463,s4,0.00,0.00,0.00,0,0,0.00,0.00,0.00,0,0,0.00,0.00,0,0
1461826463,s2-eth1,1018928.00,20658.00,1039586.00,20658,1018928,344.00,313.00,657.00,313,344,0.00,0.00,0,0
1461826463,s2-eth3,13794.00,678298.00,692092.00,678298,13794,209.00,229.00,438.00,229,209,0.00,0.00,0,0
1461826463,s2-eth2,6798.00,337668.00,344466.00,337668,6798,103.00,114.00,217.00,114,103,0.00,0.00,0,0
1461826463,s3-eth1,678298.00,13794.00,692092.00,13794,678298,229.00,209.00,438.00,209,229,0.00,0.00,0,0
1461826463,s3-eth3,8250.00,396908.00,405158.00,396908,8250,125.00,134.00,259.00,134,125,0.00,0.00,0,0
1461826463,s3-eth2,5544.00,281390.00,286934.00,281390,5544,84.00,95.00,179.00,95,84,0.00,0.00,0,0
1461826463,eth0,134.00,385.00,519.00,385,134,1.00,2.00,3.00,2,1,0.00,0.00,0,0
1461826463,eth1,0.00,0.00,0.00,0,0,0.00,0.00,0.00,0,0,0.00,0.00,0,0
1461826463,lo,0.00,0.00,0.00,0,0,0.00,0.00,0.00,0,0,0.00,0.00,0,0
1461826463,s1,0.00,0.00,0.00,0,0,0.00,0.00,0.00,0,0,0.00,0.00,0,0
1461826463,s4-eth1,396908.00,8250.00,405158.00,8250,396908,134.00,125.00,259.00,125,134,0.00,0.00,0,0
1461826463,s4-eth2,8184.00,396908.00,405092.00,396908,8184,124.00,134.00,258.00,134,124,0.00,0.00,0,0
1461826463,s2,0.00,0.00,0.00,0,0,0.00,0.00,0.00,0,0,0.00,0.00,0,0
1461826463,total,3357122.00,3470061.00,6827183.00,3470061,3357122,2159.00,2200.00,4359.00,2200,2159,0.00,0.00,0,0
1461826464,s3,0.00,0.00,0.00,0,0,0.00,0.00,0.00,0,0,0.00,0.00,0,0
1461826464,s1-eth1,1222716.00,32868.00,1255584.00,32868,1222716,426.00,426.00,852.00,426,426,0.00,0.00,0,0
1461826464,s1-eth3,26470.00,907968.00,934438.00,907968,26470,341.00,396.00,737.00,396,341,0.00,0.00,0,0
1461826464,s1-eth2,6304.00,271720.00,278024.00,271720,6304,84.00,124.00,208.00,124,84,0.00,0.00,0,0
1461826464,s4,0.00,0.00,0.00,0,0,0.00,0.00,0.00,0,0,0.00,0.00,0,0
1461826464,s2-eth1,907968.00,26470.00,934438.00,26470,907968,396.00,341.00,737.00,341,396,0.00,0.00,0,0
1461826464,s2-eth3,18076.00,597874.00,615950.00,597874,18076,228.00,261.00,489.00,261,228,0.00,0.00,0,0
1461826464,s2-eth2,8366.00,311674.00,320040.00,311674,8366,113.00,137.00,250.00,137,113,0.00,0.00,0,0
1461826464,s3-eth1,597874.00,18076.00,615950.00,18076,597874,261.00,228.00,489.00,228,261,0.00,0.00,0,0
1461826464,s3-eth3,10392.00,345704.00,356096.00,345704,10392,130.00,148.00,278.00,148,130,0.00,0.00,0,0
1461826464,s3-eth2,7684.00,253684.00,261368.00,253684,7684,98.00,114.00,212.00,114,98,0.00,0.00,0,0
1461826464,eth0,134.00,66.00,200.00,66,134,1.00,1.00,2.00,1,1,0.00,0.00,0,0
1461826464,eth1,0.00,0.00,0.00,0,0,0.00,0.00,0.00,0,0,0.00,0.00,0,0
1461826464,lo,0.00,0.00,0.00,0,0,0.00,0.00,0.00,0,0,0.00,0.00,0,0
1461826464,s1,0.00,0.00,0.00,0,0,0.00,0.00,0.00,0,0,0.00,0.00,0,0
1461826464,s4-eth1,345704.00,10392.00,356096.00,10392,345704,148.00,130.00,278.00,130,148,0.00,0.00,0,0
1461826464,s4-eth2,10458.00,347218.00,357676.00,347218,10458,131.00,149.00,280.00,149,131,0.00,0.00,0,0
1461826464,s2,0.00,0.00,0.00,0,0,0.00,0.00,0.00,0,0,0.00,0.00,0,0
1461826464,total,3162146.00,3123714.00,6285860.00,3123714,3162146,2357.00,2455.00,4812.00,2455,2357,0.00,0.00,0,0
1461826465,s3,0.00,0.00,0.00,0,0,0.00,0.00,0.00,0,0,0.00,0.00,0,0
1461826465,s1-eth1,1245288.00,71648.00,1316936.00,71648,1245288,768.00,768.00,1536.00,768,768,0.00,0.00,0,0
1461826465,s1-eth3,54728.00,958886.00,1013614.00,958886,54728,588.00,619.00,1207.00,619,588,0.00,0.00,0,0
1461826465,s1-eth2,16920.00,418784.00,435704.00,418784,16920,180.00,268.00,448.00,268,180,0.00,0.00,0,0
1461826465,s4,0.00,0.00,0.00,0,0,0.00,0.00,0.00,0,0,0.00,0.00,0,0
1461826465,s2-eth1,958886.00,54728.00,1013614.00,54728,958886,619.00,588.00,1207.00,588,619,0.00,0.00,0,0
1461826465,s2-eth3,33672.00,573080.00,606752.00,573080,33672,364.00,368.00,732.00,368,364,0.00,0.00,0,0
1461826465,s2-eth2,21056.00,381330.00,402386.00,381330,21056,224.00,249.00,473.00,249,224,0.00,0.00,0,0
1461826465,s3-eth1,573080.00,33672.00,606752.00,33672,573080,368.00,364.00,732.00,364,368,0.00,0.00,0,0
1461826465,s3-eth3,19056.00,331236.00,350292.00,331236,19056,204.00,214.00,418.00,214,204,0.00,0.00,0,0
1461826465,s3-eth2,14616.00,241844.00,256460.00,241844,14616,160.00,154.00,314.00,154,160,0.00,0.00,0,0
1461826465,eth0,134.00,66.00,200.00,66,134,1.00,1.00,2.00,1,1,0.00,0.00,0,0
1461826465,eth1,0.00,0.00,0.00,0,0,0.00,0.00,0.00,0,0,0.00,0.00,0,0
1461826465,lo,0.00,0.00,0.00,0,0,0.00,0.00,0.00,0,0,0.00,0.00,0,0
1461826465,s1,0.00,0.00,0.00,0,0,0.00,0.00,0.00,0,0,0.00,0.00,0,0
1461826465,s4-eth1,331236.00,19056.00,350292.00,19056,331236,214.00,204.00,418.00,204,214,0.00,0.00,0,0
1461826465,s4-eth2,19056.00,329722.00,348778.00,329722,19056,204.00,213.00,417.00,213,204,0.00,0.00,0,0
1461826465,s2,0.00,0.00,0.00,0,0,0.00,0.00,0.00,0,0,0.00,0.00,0,0
1461826465,total,3287728.00,3414052.00,6701780.00,3414052,3287728,3894.00,4010.00,7904.00,4010,3894,0.00,0.00,0,0
1461826466,s3,0.00,0.00,0.00,0,0,0.00,0.00,0.00,0,0,0.00,0.00,0,0
1461826466,s1-eth1,1237826.00,45204.00,1283030.00,45204,1237826,633.00,580.00,1213.00,580,633,0.00,0.00,0,0
1461826466,s1-eth3,30914.00,811736.00,842650.00,811736,30914,397.00,364.00,761.00,364,397,0.00,0.00,0,0
1461826466,s1-eth2,14318.00,384210.00,398528.00,384210,14318,183.00,161.00,344.00,161,183,0.00,0.00,0,0
1461826466,s4,0.00,0.00,0.00,0,0,0.00,0.00,0.00,0,0,0.00,0.00,0,0
1461826466,s2-eth1,811736.00,30914.00,842650.00,30914,811736,364.00,397.00,761.00,397,364,0.00,0.00,0,0
1461826466,s2-eth3,18308.00,497888.00,516196.00,497888,18308,240.00,216.00,456.00,216,240,0.00,0.00,0,0
1461826466,s2-eth2,12700.00,313782.00,326482.00,313782,12700,158.00,147.00,305.00,147,158,0.00,0.00,0,0
1461826466,s3-eth1,497888.00,18308.00,516196.00,18308,497888,216.00,240.00,456.00,240,216,0.00,0.00,0,0
1461826466,s3-eth3,11790.00,316216.00,328006.00,316216,11790,151.00,140.00,291.00,140,151,0.00,0.00,0,0
1461826466,s3-eth2,6518.00,180158.00,186676.00,180158,6518,89.00,75.00,164.00,75,89,0.00,0.00,0,0
1461826466,eth0,134.00,66.00,200.00,66,134,1.00,1.00,2.00,1,1,0.00,0.00,0,0
1461826466,eth1,0.00,0.00,0.00,0,0,0.00,0.00,0.00,0,0,0.00,0.00,0,0
1461826466,lo,0.00,0.00,0.00,0,0,0.00,0.00,0.00,0,0,0.00,0.00,0,0
1461826466,s1,0.00,0.00,0.00,0,0,0.00,0.00,0.00,0,0,0.00,0.00,0,0
1461826466,s4-eth1,316216.00,11790.00,328006.00,11790,316216,140.00,151.00,291.00,151,140,0.00,0.00,0,0
1461826466,s4-eth2,11790.00,319178.00,330968.00,319178,11790,151.00,141.00,292.00,141,151,0.00,0.00,0,0
1461826466,s2,0.00,0.00,0.00,0,0,0.00,0.00,0.00,0,0,0.00,0.00,0,0
1461826466,total,2970138.00,2929450.00,5899588.00,2929450,2970138,2723.00,2613.00,5336.00,2613,2723,0.00,0.00,0,0
1461826467,s3,0.00,0.00,0.00,0,0,0.00,0.00,0.00,0,0,0.00,0.00,0,0
1461826467,s1-eth1,1223306.00,27192.00,1250498.00,27192,1223306,413.00,412.00,825.00,412,413,0.00,0.00,0,0
1461826467,s1-eth3,18348.00,832322.00,850670.00,832322,18348,278.00,281.00,559.00,281,278,0.00,0.00,0,0
1461826467,s1-eth2,8910.00,408756.00,417666.00,408756,8910,135.00,138.00,273.00,138,135,0.00,0.00,0,0
1461826467,s4,0.00,0.00,0.00,0,0,0.00,0.00,0.00,0,0,0.00,0.00,0,0
1461826467,s2-eth1,832322.00,18348.00,850670.00,18348,832322,281.00,278.00,559.00,278,281,0.00,0.00,0,0
1461826467,s2-eth3,11550.00,527236.00,538786.00,527236,11550,175.00,178.00,353.00,178,175,0.00,0.00,0,0
1461826467,s2-eth2,6732.00,308048.00,314780.00,308048,6732,102.00,104.00,206.00,104,102,0.00,0.00,0,0
1461826467,s3-eth1,527236.00,11550.00,538786.00,11550,527236,178.00,175.00,353.00,175,178,0.00,0.00,0,0
1461826467,s3-eth3,7260.00,331744.00,339004.00,331744,7260,110.00,112.00,222.00,112,110,0.00,0.00,0,0
1461826467,s3-eth2,4290.00,195492.00,199782.00,195492,4290,65.00,66.00,131.00,66,65,0.00,0.00,0,0
1461826467,eth0,134.00,66.00,200.00,66,134,1.00,1.00,2.00,1,1,0.00,0.00,0,0
1461826467,eth1,0.00,0.00,0.00,0,0,0.00,0.00,0.00,0,0,0.00,0.00,0,0
1461826467,lo,688.00,688.00,1376.00,688,688,12.00,12.00,24.00,12,12,0.00,0.00,0,0
1461826467,s1,0.00,0.00,0.00,0,0,0.00,0.00,0.00,0,0,0.00,0.00,0,0
1461826467,s4-eth1,331744.00,7260.00,339004.00,7260,331744,112.00,110.00,222.00,110,112,0.00,0.00,0,0
1461826467,s4-eth2,7260.00,331744.00,339004.00,331744,7260,110.00,112.00,222.00,112,110,0.00,0.00,0,0
1461826467,s2,0.00,0.00,0.00,0,0,0.00,0.00,0.00,0,0,0.00,0.00,0,0
1461826467,total,2979780.00,3000446.00,5980226.00,3000446,2979780,1972.00,1979.00,3951.00,1979,1972,0.00,0.00,0,0
1461826468,s3,0.00,0.00,0.00,0,0,0.00,0.00,0.00,0,0,0.00,0.00,0,0
1461826468,s1-eth1,1223306.00,27258.00,1250564.00,27258,1223306,413.00,413.00,826.00,413,413,0.00,0.00,0,0
1461826468,s1-eth3,18546.00,832322.00,850868.00,832322,18546,281.00,281.00,562.00,281,281,0.00,0.00,0,0
1461826468,s1-eth2,8712.00,390984.00,399696.00,390984,8712,132.00,132.00,264.00,132,132,0.00,0.00,0,0
1461826468,s4,0.00,0.00,0.00,0,0,0.00,0.00,0.00,0,0,0.00,0.00,0,0
1461826468,s2-eth1,832322.00,18546.00,850868.00,18546,832322,281.00,281.00,562.00,281,281,0.00,0.00,0,0
1461826468,s2-eth3,11880.00,530198.00,542078.00,530198,11880,180.00,179.00,359.00,179,180,0.00,0.00,0,0
1461826468,s2-eth2,6666.00,299162.00,305828.00,299162,6666,101.00,101.00,202.00,101,101,0.00,0.00,0,0
1461826468,s3-eth1,530198.00,11880.00,542078.00,11880,530198,179.00,180.00,359.00,180,179,0.00,0.00,0,0
1461826468,s3-eth3,7656.00,340630.00,348286.00,340630,7656,116.00,115.00,231.00,115,116,0.00,0.00,0,0
1461826468,s3-eth2,4224.00,189568.00,193792.00,189568,4224,64.00,64.00,128.00,64,64,0.00,0.00,0,0
1461826468,eth0,134.00,66.00,200.00,66,134,1.00,1.00,2.00,1,1,0.00,0.00,0,0
1461826468,eth1,0.00,0.00,0.00,0,0,0.00,0.00,0.00,0,0,0.00,0.00,0,0
1461826468,lo,0.00,0.00,0.00,0,0,0.00,0.00,0.00,0,0,0.00,0.00,0,0
1461826468,s1,0.00,0.00,0.00,0,0,0.00,0.00,0.00,0,0,0.00,0.00,0,0
1461826468,s4-eth1,340630.00,7656.00,348286.00,7656,340630,115.00,116.00,231.00,116,115,0.00,0.00,0,0
1461826468,s4-eth2,7590.00,340630.00,348220.00,340630,7590,115.00,115.00,230.00,115,115,0.00,0.00,0,0
1461826468,s2,0.00,0.00,0.00,0,0,0.00,0.00,0.00,0,0,0.00,0.00,0,0
1461826468,total,2991864.00,2988900.00,5980764.00,2988900,2991864,1978.00,1978.00,3956.00,1978,1978,0.00,0.00,0,0
1461826469,s3,0.00,0.00,0.00,0,0,0.00,0.00,0.00,0,0,0.00,0.00,0,0
1461826469,s1-eth1,1220344.00,27258.00,1247602.00,27258,1220344,412.00,413.00,825.00,413,412,0.00,0.00,0,0
1461826469,s1-eth3,18282.00,829360.00,847642.00,829360,18282,277.00,280.00,557.00,280,277,0.00,0.00,0,0
1461826469,s1-eth2,8910.00,399870.00,408780.00,399870,8910,135.00,135.00,270.00,135,135,0.00,0.00,0,0
1461826469,s4,0.00,0.00,0.00,0,0,0.00,0.00,0.00,0,0,0.00,0.00,0,0
1461826469,s2-eth1,829360.00,18282.00,847642.00,18282,829360,280.00,277.00,557.00,277,280,0.00,0.00,0,0
1461826469,s2-eth3,11682.00,527236.00,538918.00,527236,11682,177.00,178.00,355.00,178,177,0.00,0.00,0,0
1461826469,s2-eth2,6666.00,299162.00,305828.00,299162,6666,101.00,101.00,202.00,101,101,0.00,0.00,0,0
1461826469,s3-eth1,527236.00,11682.00,538918.00,11682,527236,178.00,177.00,355.00,177,178,0.00,0.00,0,0
1461826469,s3-eth3,7458.00,337668.00,345126.00,337668,7458,113.00,114.00,227.00,114,113,0.00,0.00,0,0
1461826469,s3-eth2,4224.00,189568.00,193792.00,189568,4224,64.00,64.00,128.00,64,64,0.00,0.00,0,0
1461826469,eth0,134.00,66.00,200.00,66,134,1.00,1.00,2.00,1,1,0.00,0.00,0,0
1461826469,eth1,0.00,0.00,0.00,0,0,0.00,0.00,0.00,0,0,0.00,0.00,0,0
1461826469,lo,0.00,0.00,0.00,0,0,0.00,0.00,0.00,0,0,0.00,0.00,0,0
1461826469,s1,0.00,0.00,0.00,0,0,0.00,0.00,0.00,0,0,0.00,0.00,0,0
1461826469,s4-eth1,337668.00,7458.00,345126.00,7458,337668,114.00,113.00,227.00,113,114,0.00,0.00,0,0
1461826469,s4-eth2,7524.00,334706.00,342230.00,334706,7524,114.00,113.00,227.00,113,114,0.00,0.00,0,0
1461826469,s2,0.00,0.00,0.00,0,0,0.00,0.00,0.00,0,0,0.00,0.00,0,0
1461826469,total,2979488.00,2982316.00,5961804.00,2982316,2979488,1966.00,1966.00,3932.00,1966,1966,0.00,0.00,0,0
1461826470,s3,0.00,0.00,0.00,0,0,0.00,0.00,0.00,0,0,0.00,0.00,0,0
1461826470,s1-eth1,1131484.00,25146.00,1156630.00,25146,1131484,382.00,381.00,763.00,381,382,0.00,0.00,0,0
1461826470,s1-eth3,16896.00,761234.00,778130.00,761234,16896,256.00,257.00,513.00,257,256,0.00,0.00,0,0
1461826470,s1-eth2,8316.00,376174.00,384490.00,376174,8316,126.00,127.00,253.00,127,126,0.00,0.00,0,0
1461826470,s4,0.00,0.00,0.00,0,0,0.00,0.00,0.00,0,0,0.00,0.00,0,0
1461826470,s2-eth1,761234.00,16896.00,778130.00,16896,761234,257.00,256.00,513.00,256,257,0.00,0.00,0,0
1461826470,s2-eth3,10626.00,482806.00,493432.00,482806,10626,161.00,163.00,324.00,163,161,0.00,0.00,0,0
1461826470,s2-eth2,6204.00,281390.00,287594.00,281390,6204,94.00,95.00,189.00,95,94,0.00,0.00,0,0
1461826470,s3-eth1,482806.00,10626.00,493432.00,10626,482806,163.00,161.00,324.00,161,163,0.00,0.00,0,0
1461826470,s3-eth3,6666.00,299162.00,305828.00,299162,6666,101.00,101.00,202.00,101,101,0.00,0.00,0,0
1461826470,s3-eth2,3960.00,183644.00,187604.00,183644,3960,60.00,62.00,122.00,62,60,0.00,0.00,0,0
1461826470,eth0,134.00,66.00,200.00,66,134,1.00,1.00,2.00,1,1,0.00,0.00,0,0
1461826470,eth1,0.00,0.00,0.00,0,0,0.00,0.00,0.00,0,0,0.00,0.00,0,0
1461826470,lo,0.00,0.00,0.00,0,0,0.00,0.00,0.00,0,0,0.00,0.00,0,0
1461826470,s1,0.00,0.00,0.00,0,0,0.00,0.00,0.00,0,0,0.00,0.00,0,0
1461826470,s4-eth1,299162.00,6666.00,305828.00,6666,299162,101.00,101.00,202.00,101,101,0.00,0.00,0,0
1461826470,s4-eth2,6600.00,302124.00,308724.00,302124,6600,100.00,102.00,202.00,102,100,0.00,0.00,0,0
1461826470,s2,0.00,0.00,0.00,0,0,0.00,0.00,0.00,0,0,0.00,0.00,0,0
1461826470,total,2734088.00,2745934.00,5480022.00,2745934,2734088,1802.00,1807.00,3609.00,1807,1802,0.00,0.00,0,0
1461826471,s3,0.00,0.00,0.00,0,0,0.00,0.00,0.00,0,0,0.00,0.00,0,0
1461826471,s1-eth1,1208496.00,26928.00,1235424.00,26928,1208496,408.00,408.00,816.00,408,408,0.00,0.00,0,0
1461826471,s1-eth3,18216.00,853056.00,871272.00,853056,18216,276.00,288.00,564.00,288,276,0.00,0.00,0,0
1461826471,s1-eth2,8712.00,396908.00,405620.00,396908,8712,132.00,134.00,266.00,134,132,0.00,0.00,0,0
1461826471,s4,0.00,0.00,0.00,0,0,0.00,0.00,0.00,0,0,0.00,0.00,0,0
1461826471,s2-eth1,853056.00,18216.00,871272.00,18216,853056,288.00,276.00,564.00,276,288,0.00,0.00,0,0
1461826471,s2-eth3,11616.00,547970.00,559586.00,547970,11616,176.00,185.00,361.00,185,176,0.00,0.00,0,0
1461826471,s2-eth2,6600.00,305086.00,311686.00,305086,6600,100.00,103.00,203.00,103,100,0.00,0.00,0,0
1461826471,s3-eth1,547970.00,11616.00,559586.00,11616,547970,185.00,176.00,361.00,176,185,0.00,0.00,0,0
1461826471,s3-eth3,6930.00,322858.00,329788.00,322858,6930,105.00,109.00,214.00,109,105,0.00,0.00,0,0
1461826471,s3-eth2,4686.00,225112.00,229798.00,225112,4686,71.00,76.00,147.00,76,71,0.00,0.00,0,0
1461826471,eth0,134.00,66.00,200.00,66,134,1.00,1.00,2.00,1,1,0.00,0.00,0,0
1461826471,eth1,0.00,0.00,0.00,0,0,0.00,0.00,0.00,0,0,0.00,0.00,0,0
1461826471,lo,0.00,0.00,0.00,0,0,0.00,0.00,0.00,0,0,0.00,0.00,0,0
1461826471,s1,0.00,0.00,0.00,0,0,0.00,0.00,0.00,0,0,0.00,0.00,0,0
1461826471,s4-eth1,322858.00,6930.00,329788.00,6930,322858,109.00,105.00,214.00,105,109,0.00,0.00,0,0
1461826471,s4-eth2,6996.00,319896.00,326892.00,319896,6996,106.00,108.00,214.00,108,106,0.00,0.00,0,0
1461826471,s2,0.00,0.00,0.00,0,0,0.00,0.00,0.00,0,0,0.00,0.00,0,0
1461826471,total,2996270.00,3034642.00,6030912.00,3034642,2996270,1957.00,1969.00,3926.00,1969,1957,0.00,0.00,0,0
1461826472,s3,0.00,0.00,0.00,0,0,0.00,0.00,0.00,0,0,0.00,0.00,0,0
1461826472,s1-eth1,1205534.00,26862.00,1232396.00,26862,1205534,407.00,407.00,814.00,407,407,0.00,0.00,0,0
1461826472,s1-eth3,18942.00,906372.00,925314.00,906372,18942,287.00,306.00,593.00,306,287,0.00,0.00,0,0
1461826472,s1-eth2,7920.00,367288.00,375208.00,367288,7920,120.00,124.00,244.00,124,120,0.00,0.00,0,0
1461826472,s4,0.00,0.00,0.00,0,0,0.00,0.00,0.00,0,0,0.00,0.00,0,0
1461826472,s2-eth1,906372.00,18942.00,925314.00,18942,906372,306.00,287.00,593.00,287,306,0.00,0.00,0,0
1461826472,s2-eth3,12606.00,601286.00,613892.00,601286,12606,191.00,203.00,394.00,203,191,0.00,0.00,0,0
1461826472,s2-eth2,6402.00,302124.00,308526.00,302124,6402,97.00,102.00,199.00,102,97,0.00,0.00,0,0
1461826472,s3-eth1,601286.00,12606.00,613892.00,12606,601286,203.00,191.00,394.00,191,203,0.00,0.00,0,0
1461826472,s3-eth3,7260.00,343592.00,350852.00,343592,7260,110.00,116.00,226.00,116,110,0.00,0.00,0,0
1461826472,s3-eth2,5346.00,260656.00,266002.00,260656,5346,81.00,88.00,169.00,88,81,0.00,0.00,0,0
1461826472,eth0,134.00,66.00,200.00,66,134,1.00,1.00,2.00,1,1,0.00,0.00,0,0
1461826472,eth1,0.00,0.00,0.00,0,0,0.00,0.00,0.00,0,0,0.00,0.00,0,0
1461826472,lo,688.00,688.00,1376.00,688,688,12.00,12.00,24.00,12,12,0.00,0.00,0,0
1461826472,s1,0.00,0.00,0.00,0,0,0.00,0.00,0.00,0,0,0.00,0.00,0,0
1461826472,s4-eth1,343592.00,7260.00,350852.00,7260,343592,116.00,110.00,226.00,110,116,0.00,0.00,0,0
1461826472,s4-eth2,7260.00,343592.00,350852.00,343592,7260,110.00,116.00,226.00,116,110,0.00,0.00,0,0
1461826472,s2,0.00,0.00,0.00,0,0,0.00,0.00,0.00,0,0,0.00,0.00,0,0
1461826472,total,3123342.00,3191334.00,6314676.00,3191334,3123342,2041.00,2063.00,4104.00,2063,2041,0.00,0.00,0,0
1461826473,s3,0.00,0.00,0.00,0,0,0.00,0.00,0.00,0,0,0.00,0.00,0,0
1461826473,s1-eth1,1223306.00,27258.00,1250564.00,27258,1223306,413.00,413.00,826.00,413,413,0.00,0.00,0,0
1461826473,s1-eth3,19536.00,965612.00,985148.00,965612,19536,296.00,326.00,622.00,326,296,0.00,0.00,0,0
1461826473,s1-eth2,7722.00,370250.00,377972.00,370250,7722,117.00,125.00,242.00,125,117,0.00,0.00,0,0
1461826473,s4,0.00,0.00,0.00,0,0,0.00,0.00,0.00,0,0,0.00,0.00,0,0
1461826473,s2-eth1,965612.00,19536.00,985148.00,19536,965612,326.00,296.00,622.00,296,326,0.00,0.00,0,0
1461826473,s2-eth3,12672.00,633868.00,646540.00,633868,12672,192.00,214.00,406.00,214,192,0.00,0.00,0,0
1461826473,s2-eth2,6798.00,334706.00,341504.00,334706,6798,103.00,113.00,216.00,113,103,0.00,0.00,0,0
1461826473,s3-eth1,633868.00,12672.00,646540.00,12672,633868,214.00,192.00,406.00,192,214,0.00,0.00,0,0
1461826473,s3-eth3,6600.00,319896.00,326496.00,319896,6600,100.00,108.00,208.00,108,100,0.00,0.00,0,0
1461826473,s3-eth2,6072.00,311010.00,317082.00,311010,6072,92.00,105.00,197.00,105,92,0.00,0.00,0,0
1461826473,eth0,134.00,66.00,200.00,66,134,1.00,1.00,2.00,1,1,0.00,0.00,0,0
1461826473,eth1,0.00,0.00,0.00,0,0,0.00,0.00,0.00,0,0,0.00,0.00,0,0
1461826473,lo,0.00,0.00,0.00,0,0,0.00,0.00,0.00,0,0,0.00,0.00,0,0
1461826473,s1,0.00,0.00,0.00,0,0,0.00,0.00,0.00,0,0,0.00,0.00,0,0
1461826473,s4-eth1,319896.00,6600.00,326496.00,6600,319896,108.00,100.00,208.00,100,108,0.00,0.00,0,0
1461826473,s4-eth2,6600.00,322858.00,329458.00,322858,6600,100.00,109.00,209.00,109,100,0.00,0.00,0,0
1461826473,s2,0.00,0.00,0.00,0,0,0.00,0.00,0.00,0,0,0.00,0.00,0,0
1461826473,total,3208816.00,3324332.00,6533148.00,3324332,3208816,2062.00,2102.00,4164.00,2102,2062,0.00,0.00,0,0
1461826474,s3,0.00,0.00,0.00,0,0,0.00,0.00,0.00,0,0,0.00,0.00,0,0
1461826474,s1-eth1,1220344.00,27204.00,1247548.00,27204,1220344,412.00,412.00,824.00,412,412,0.00,0.00,0,0
1461826474,s1-eth3,19878.00,1018928.00,1038806.00,1018928,19878,301.00,344.00,645.00,344,301,0.00,0.00,0,0
1461826474,s1-eth2,7326.00,361364.00,368690.00,361364,7326,111.00,122.00,233.00,122,111,0.00,0.00,0,0
1461826474,s4,0.00,0.00,0.00,0,0,0.00,0.00,0.00,0,0,0.00,0.00,0,0
1461826474,s2-eth1,1018928.00,19878.00,1038806.00,19878,1018928,344.00,301.00,645.00,301,344,0.00,0.00,0,0
1461826474,s2-eth3,13542.00,693108.00,706650.00,693108,13542,205.00,234.00,439.00,234,205,0.00,0.00,0,0
1461826474,s2-eth2,6402.00,325820.00,332222.00,325820,6402,97.00,110.00,207.00,110,97,0.00,0.00,0,0
1461826474,s3-eth1,693108.00,13542.00,706650.00,13542,693108,234.00,205.00,439.00,205,234,0.00,0.00,0,0
1461826474,s3-eth3,7206.00,364326.00,371532.00,364326,7206,109.00,123.00,232.00,123,109,0.00,0.00,0,0
1461826474,s3-eth2,6336.00,331744.00,338080.00,331744,6336,96.00,112.00,208.00,112,96,0.00,0.00,0,0
1461826474,eth0,134.00,66.00,200.00,66,134,1.00,1.00,2.00,1,1,0.00,0.00,0,0
1461826474,eth1,0.00,0.00,0.00,0,0,0.00,0.00,0.00,0,0,0.00,0.00,0,0
1461826474,lo,0.00,0.00,0.00,0,0,0.00,0.00,0.00,0,0,0.00,0.00,0,0
1461826474,s1,0.00,0.00,0.00,0,0,0.00,0.00,0.00,0,0,0.00,0.00,0,0
1461826474,s4-eth1,364326.00,7206.00,371532.00,7206,364326,123.00,109.00,232.00,109,123,0.00,0.00,0,0
1461826474,s4-eth2,7128.00,361364.00,368492.00,361364,7128,108.00,122.00,230.00,122,108,0.00,0.00,0,0
1461826474,s2,0.00,0.00,0.00,0,0,0.00,0.00,0.00,0,0,0.00,0.00,0,0
1461826474,total,3364658.00,3524550.00,6889208.00,3524550,3364658,2141.00,2195.00,4336.00,2195,2141,0.00,0.00,0,0
1461826475,s3,0.00,0.00,0.00,0,0,0.00,0.00,0.00,0,0,0.00,0.00,0,0
1461826475,s1-eth1,1208520.00,48458.00,1256978.00,48458,1208520,540.00,541.00,1081.00,541,540,0.00,0.00,0,0
1461826475,s1-eth3,37996.00,879882.00,917878.00,879882,37996,426.00,497.00,923.00,497,426,0.00,0.00,0,0
1461826475,s1-eth2,10368.00,325572.00,335940.00,325572,10368,114.00,194.00,308.00,194,114,0.00,0.00,0,0
1461826475,s4,0.00,0.00,0.00,0,0,0.00,0.00,0.00,0,0,0.00,0.00,0,0
1461826475,s2-eth1,879882.00,37996.00,917878.00,37996,879882,497.00,426.00,923.00,426,497,0.00,0.00,0,0
1461826475,s2-eth3,25322.00,571954.00,597276.00,571954,25322,285.00,329.00,614.00,329,285,0.00,0.00,0,0
1461826475,s2-eth2,12580.00,304966.00,317546.00,304966,12580,140.00,167.00,307.00,167,140,0.00,0.00,0,0
1461826475,s3-eth1,571954.00,25322.00,597276.00,25322,571954,329.00,285.00,614.00,285,329,0.00,0.00,0,0
1461826475,s3-eth3,12218.00,252900.00,265118.00,252900,12218,141.00,146.00,287.00,146,141,0.00,0.00,0,0
1461826475,s3-eth2,12916.00,316092.00,329008.00,316092,12916,142.00,182.00,324.00,182,142,0.00,0.00,0,0
1461826475,eth0,134.00,66.00,200.00,66,134,1.00,1.00,2.00,1,1,0.00,0.00,0,0
1461826475,eth1,0.00,0.00,0.00,0,0,0.00,0.00,0.00,0,0,0.00,0.00,0,0
1461826475,lo,0.00,0.00,0.00,0,0,0.00,0.00,0.00,0,0,0.00,0.00,0,0
1461826475,s1,0.00,0.00,0.00,0,0,0.00,0.00,0.00,0,0,0.00,0.00,0,0
1461826475,s4-eth1,252900.00,12218.00,265118.00,12218,252900,146.00,141.00,287.00,141,146,0.00,0.00,0,0
1461826475,s4-eth2,12202.00,252900.00,265102.00,252900,12202,141.00,146.00,287.00,146,141,0.00,0.00,0,0
1461826475,s2,0.00,0.00,0.00,0,0,0.00,0.00,0.00,0,0,0.00,0.00,0,0
1461826475,total,3036992.00,3028326.00,6065318.00,3028326,3036992,2902.00,3055.00,5957.00,3055,2902,0.00,0.00,0,0
1461826476,s3,0.00,0.00,0.00,0,0,0.00,0.00,0.00,0,0,0.00,0.00,0,0
1461826476,s1-eth1,1245424.00,72938.00,1318362.00,72938,1245424,792.00,791.00,1583.00,791,792,0.00,0.00,0,0
1461826476,s1-eth3,54232.00,891746.00,945978.00,891746,54232,592.00,589.00,1181.00,589,592,0.00,0.00,0,0
1461826476,s1-eth2,18706.00,460318.00,479024.00,460318,18706,199.00,283.00,482.00,283,199,0.00,0.00,0,0
1461826476,s4,0.00,0.00,0.00,0,0,0.00,0.00,0.00,0,0,0.00,0.00,0,0
1461826476,s2-eth1,891746.00,54232.00,945978.00,54232,891746,589.00,592.00,1181.00,592,589,0.00,0.00,0,0
1461826476,s2-eth3,36562.00,602572.00,639134.00,602572,36562,403.00,398.00,801.00,398,403,0.00,0.00,0,0
1461826476,s2-eth2,17678.00,289174.00,306852.00,289174,17678,189.00,191.00,380.00,191,189,0.00,0.00,0,0
1461826476,s3-eth1,602572.00,36562.00,639134.00,36562,602572,398.00,403.00,801.00,403,398,0.00,0.00,0,0
1461826476,s3-eth3,15464.00,269492.00,284956.00,269492,15464,172.00,178.00,350.00,178,172,0.00,0.00,0,0
1461826476,s3-eth2,21286.00,334594.00,355880.00,334594,21286,233.00,221.00,454.00,221,233,0.00,0.00,0,0
1461826476,eth0,134.00,66.00,200.00,66,134,1.00,1.00,2.00,1,1,0.00,0.00,0,0
1461826476,eth1,0.00,0.00,0.00,0,0,0.00,0.00,0.00,0,0,0.00,0.00,0,0
1461826476,lo,0.00,0.00,0.00,0,0,0.00,0.00,0.00,0,0,